6.352586105964681
6.307305244911484
1.2768528216909674
9.60140144327068
1.840503621951036
2.157583577837803
5.3929256850442195
0.5194872903554208
4.929732585703345
1.0282838658819768
5.4852904672451
7.583108202317343
2.7352404617914683
2.1966149633403997
2.7203075791454596
6.215334929452883
1.774139145188266
1.3854440116986988
3.495517095605554
2.1493915125093936
0.966497740003306
3.415425259292087
12.762758558208757
1.9288382927316245
1.660556852445804
4.277079374481135
2.4073013937579413
3.47348362682804
1.344849919323965
0.3153089500811886
2.2546278199706946
1.3844167669082155
1.1791816935884287
1.562385718249509
3.4696432095641057
0.25456743022834827
2.107609917779567
4.1520692116611295
1.2547384172937275
1.3052785996510685
3.3387781444764872
1.236844735411847
4.272063148178349
0.24913290255557852
3.53710028102762
1.9122770092333174
3.522833277153816
2.024452193367792
6.691763401830368
1.6053875232614208
1.177816477720282
1.2457497845129735
1.8695870629364704
1.6857198820307797
1.516257706836159
3.4036517087961213
3.3544434858532126
1.950678027379787
1.730653163068526
5.370318618517399
3.6610150377987987
1.2182580403767442
2.463406157514679
1.4918306274447337
1.1633604546399918
2.3055420942407037
3.7210379645912877
3.084953472111378
6.868625587477132
0.34781832882859165
4.175924189952545
3.4513659704590225
1.7471305380066755
0.9777880142799664
1.0856846794454982
4.920560242511117
5.818362652432324
3.9677507223404547
3.776665733154055
6.236898276736485
5.04963006624258
1.5069062776585445
1.5661270423920843
1.4113719270526037
2.5623863059634164
2.0896198861448676
3.2207784628030174
3.775726213080718
0.7939220843613
5.930333443065919
1.69672163214674
4.751330612519481
6.823941770605315
3.4795000044591005
2.454277556002476
3.7119519603935753
2.7874212257283584
2.2646301460226317
5.165891817049917
1.5769525277368652
2.223688736052009
4.23447582026474
1.5085457042244181
1.3590846698679733
9.096611808845688
5.788366597568059
2.955369933773575
2.970882651103525
3.003790538607819
1.3996591572446202
1.6349489213420831
8.606356168215653
5.986600546314959
4.480389894986986
3.364802887813896
1.734532590604616
1.8460658013007643
3.5742865773028916
7.594049524976009
1.4133635748705704
3.6855072997963516
0.8725847744937412
1.7290976034065997
1.720037793788362
2.709950380959576
2.885472207125972
1.8219179170806412
2.641078403662357
1.3780826528212182
4.05433587256151
5.976765740944872
1.5541070915752484
2.4288932505914884
1.6934685655556545
4.834009128240799
1.9361713127651736
2.1941162496213256
0.7154863231060904
6.877039648762597
0.9301876621419425
0.24262969238707482
3.983685931249391
1.4016780068737678
3.357589206204187
3.262679108916661
5.427648997823604
1.5342214371421234
1.2239677626250383
0.7171075790848459
1.511254560954383
0.5519950276038528
5.319038132109279
3.3168148386851657
7.462785012580689
1.7952121638576357
4.281984975616275
6.801245748088189
8.508382765250616
5.468436933428306
0.6218436076912264
2.4266871658975844
4.933059392821163
2.5891723462777603
4.092979868088976
4.178764267464715
2.773267456770196
9.604909686318075
5.312720209734911
2.745769837098626
0.5080755538978465
4.3323575376691466
5.453078059746458
0.990009300059176
3.5972419724508224
1.2741986527322242
2.153387320607017
2.329413191920036
5.37745100859749
4.818651770778723
0.5527627976584302
4.117365063304726
3.259760296247526
6.491717721283606
5.913141815050336
2.999101661293423
1.0178969828866944
1.9088424723030526
2.0879343082363606
4.38223399726527
0.9179958092212651
1.9804985876079304
1.7791628006933946
2.005396674138417
1.8131353362232532
3.0142540087118346
0.7352634847447006
2.963843039553691
1.495376773673443
4.369719661717976
2.9777745461982232
0.9946970177966297
0.6954172750193252
2.3569153258925377
2.554055490880554
11.799076531486177
0.9371228346876155
5.965565264254261
7.99473186084138
2.645026118689655
2.9131744685835623
4.44704908014624
1.704226887209682
4.655664803418807
8.548917693163926
0.9253593900362007
2.2311214645561686
4.460060530700826
6.116890649378156
0.8425953262245791
1.2493998288256019
0.8423064822812659
1.0574911404777902
4.2502037888936925
5.018807377462756
4.840971129383308
3.6036317913432754
1.4430012267021524
1.1372164723273759
0.5151194254735143
2.194238789744181
1.2347087674995034
1.7596951401289096
4.429055871092375
1.9276061672866258
1.0823970747955736
6.6219344133312745
12.431352858237435
2.1208127918222326
0.760909876048103
1.3552261445945128
2.657776674125105
4.297225781456916
0.44579424701766257
0.8900868218918109
2.4032141522324153
0.48246728314602516
7.568776839392589
3.40482693944851
0.49566876324411213
1.8023495390374338
1.4598207714661278
1.3810016960231706
5.042556466024418
2.3012492286491577
1.3503976918786669
1.2377502815584536
3.3764116127942225
0.32229175911888647
4.97107937722922
4.773395923705254
1.6852393734641575
1.560954720198158
0.22937483555513322
0.870300675808372
4.513675058789252
1.2224071582192813
4.742251180142626
4.538617465933594
0.9851187200450566
1.5500821735258747
1.4578525126636954
1.7138422282376364
6.718166616364071
2.2819409115176112
4.388795175693045
8.531928060972623
2.7340237063574806
5.059099940025199
4.080483963604096
1.193556881497603
6.195154881925379
0.32275809955434986
1.3255520846821074
2.3453017071732725
2.4307912050651117
3.8828569066076257
1.200925530380547
2.3197970439965405
0.3901928474592822
1.7726293118528749
4.750687724884045
0.10335130370456458
3.747999480955834
2.5787923050867527
1.1841308238379533
4.041259802999242
3.3033485929383057
0.5662906445951139
1.0354467931516582
0.8710525152325514
4.087627143273767
2.120374597366903
1.7617777746390626
2.930971434363953
6.120344172128075
1.266716781041642
6.945348653778295
2.4055580423164002
4.953488257818592
0.5422486491250442
3.0599038680957626
1.5806581897628327
10.846981987341133
2.749077026730888
2.6767911856423763
0.4760827286347667
0.8682154484921296
7.885749962483491
0.9851227649629359
3.17185428323421
1.4006182298514644
3.4960869724545605
3.9002898111951287
1.8312680014728075
0.3967595057163691
1.1667520720470137
6.859229107236128
1.1799194885581148
1.3168226805962528
7.9276896979030145
1.4240273905892415
4.2863993107051055
2.7763357906228143
3.5927310426535897
2.650244502297784
3.8794646801017003
3.2207536264549725
3.118336331279929
3.5211787240614476
0.9914610983138893
4.779631899151369
1.101018472343557
5.502191470279186
1.3931341778073005
5.319566750519658
1.629455683199703
6.013450935506847
1.8652200392891458
6.26399752831302
1.954677886480898
4.745304330862257
1.2084755163865952
0.5085426898236995
4.819250030562137
2.594530645315607
1.6348405860020723
2.0243607963664814
2.9980931366524874
1.9940454758769839
2.3103774110706574
1.1786228526241354
0.97390548015507
3.7176027060082717
0.6146074944898242
3.4158926129148566
0.5776155697169165
4.797628456596653
6.703286761137333
2.7561520920640983
10.02448010171753
0.8690927883052686
2.3385296549316203
4.24375066320958
1.9775110351138303
5.156557649916037
0.6929186527577879
3.254019029806533
4.3614753069362475
1.2604747696462821
3.020095892278048
4.7128117304258526
0.7168149630828635
2.6539253698445333
1.0322802455351703
0.8792654311761985
1.418902752030929
4.4342934646798415
1.3916829144933918
1.4076570356863292
3.301034249756121
9.842413794665692
5.114795429355682
7.167626953493045
2.5625611028236333
0.9443390945862669
1.0018738301636356
8.969733932037073
2.246735202390679
0.5283224343903454
0.6561298044466952
0.9455308892149847
4.99073983550941
2.4305625362119887
4.008047334292128
2.773672858307697
5.90766795415736
1.543217491063206
3.8533793317030964
4.130356479193606
3.158116171264661
0.16885585387357813
5.362247680271508
2.6418247062204494
6.885251371145232
4.266682530678703
2.424179955383889
5.560880433568993
7.483011219728221
4.558994293466152
3.074987696790277
4.704385199902852
3.350126226852565
0.20477994867401267
2.8786343174697127
4.518798254246848
2.6488301520747886
1.6809464056816963
3.6288839513932993
5.108370620801786
4.4744198167356615
8.340276480390965
0.31798641200026134
1.2877626635388029
0.5375953661166885
6.668390770685967
1.3817725857764733
0.10334879052005341
2.942884033893626
5.990830475645515
2.4229104320785586
3.347500143411264
3.3185538004253683
0.6381413688464629
1.547599848299009
0.39798349109339004
3.144474419226497
5.276930179165918
1.9091165460560102
4.068824941272563
2.390554105708524
1.9102933294655342
2.9182503850875383
6.534138113922296
4.542794562685863
5.749314394763019
7.727527916256707
0.9857104705065758
2.548463868129315
1.2701620769702155
3.7607318160838403
2.602174369492409
3.0120267026923013
4.693360856699036
6.433825606400436
2.4093815887453447
3.3419532485798387
0.8503209413235205
1.2228316641325674
0.056071840572848836
4.940243313019109
3.991624466843155
1.258092633828932
2.8317873621245067
6.699199055972596
2.2293928959821585
4.248329224990653
6.034862781589208
3.4629411616066874
2.0657978445613683
1.2989909361258276
3.353246604005193
6.24686594387809
0.4328563065231778
3.879595062093317
0.7681170979544547
3.2668519677982832
1.6958828912731951
1.9772635128910245
4.082289519363191
3.2435118956874383
2.7816877414534984
2.3894256400306744
4.452150990273943
0.688721498029473
2.6851539204145958
3.3222289443652
3.689425338163443
2.558474320628616
0.6206906556413818
4.00566941695097
1.091473034260714
0.20417279613490447
5.174583344851617
0.5326305982614814
1.7620335733816002
0.8951584215539119
2.9287753036356423
1.486371563175044
3.1662998500935613
2.4399578109158306
3.8988134497825433
1.6725049941450745
2.674074445739226
1.1443944336413356
2.4270256606295453
1.6731515037303217
6.30493781996089
3.6553502975247474
2.5765650209656714
1.7596770018519314
1.3089109687441514
3.9836853653825113
5.482680126491395
1.6969474088881975
1.409053413754766
2.4102983326418026
1.163797070089124
0.9483235596678298
3.3747496984767973
2.7636082480387887
0.4001593838763374
6.053976159168689
4.417559559797726
0.37028534360240606
1.7266029117114363
2.6847273700952172
4.88259269060533
0.8202232256888424
2.603131933099812
3.2168018478197373
1.9448630749733866
3.9124300789448356
0.7350392945114299
2.2989796476276148
1.5804639302796555
4.5279841568172206
2.9754652612787758
6.395498102287217
4.546619308391195
0.24553055817179184
0.6502952295642734
0.7378268232310508
4.608798104509006
1.395132678682812
2.670044266958764
0.9876195363000851
1.7968670800730315
2.5463472018664284
2.803790278474903
5.132794598263715
0.07988237597088552
1.7927735348147311
0.7544956050904215
0.4293687088075798
3.4232315690372133
1.7838405448248147
0.7930606172930199
3.190650944381132
0.34017368036017787
3.50493358825947
3.6658041570145072
3.432750652360107
6.399195271640425
4.114263800677499
3.7969395937567825
1.7846208503909913
2.6796186413646703
4.557178760003573
0.9206094820808113
3.0886270993904685
1.1881945866688621
2.0362063619828605
2.475361604898573
5.8066101674083015
9.168653803360515
0.19413351500093184
2.1572391330605143
3.8315172680010523
1.7750356802947538
4.558764684865546
3.028338043147153
0.993890162980166
0.8728927632254895
1.0290179701089734
6.56402421772066
2.637796381738537
2.834329374444106
1.3306088552988031
2.7543821956129753
7.967246832186842
4.479180934949291
6.18501325647709
1.1232067046492564
1.0410196387951052
4.067370259577062
2.6461574076709673
0.638359459554626
4.477949947103011
4.409691302751216
1.9380787313176424
3.6099284291253846
2.5069107315708132
3.3929417485306397
1.7359027248843937
1.7134908031666858
2.115317936578293
4.987958686605053
7.371494619980277
1.1640116706609822
3.555713463164468
0.9773870593822407
1.135934086416951
6.787248669270191
1.5876319557039182
1.7502675248014268
1.3400310086867697
1.845913100958128
1.8662677783189552
3.5586468379293112
3.580838559234852
1.733915759866642
0.6831540402323104
3.3532723413421843
0.8369484349078067
3.5493064376414036
3.5838501497991633
3.376040776084826
2.4440799268453297
0.6203955256364682
1.5257122244710875
3.7254788594944825
3.9274185367497103
2.0483954996080795
4.4032425868613085
1.4483025322720935
0.516165565331376
2.425731954035881
4.010118273316215
5.85330508925332
2.8132371398635225
1.1844756666228713
1.1044843552222625
2.9211503692053715
4.012105329178456
0.22125005143618767
13.788887641041455
2.549617155552633
2.1530574370191187
4.612442141423347
3.7978224013445123
2.423044073607416
4.3780803820154555
0.7295855421238844
8.459895107947663
2.110911894785657
3.2333431288735754
5.243466058153281
7.997004902830383
3.461757115470385
1.1625427521425058
2.63003759767716
7.575196271257571
2.381047020548308
2.5952373352157725
1.5109677881217027
1.408544805419501
2.506691624012588
5.211040450676331
1.561056413479101
2.987436363262235
2.0251191956805754
0.4177134564628934
0.6203079238616137
3.485367266658084
2.0279065601786925
1.830845720246205
2.4426897386343263
2.0065253231301443
7.25785010789836
2.3595489096976205
2.5870425291940116
3.294601070549723
4.805035031781371
10.597240383505559
3.5928821454855764
3.905097430064945
4.943513030277396
0.7065607976357117
2.4498935931509824
2.044382974713366
1.2484760302660836
12.375483994197648
5.180975612620886
4.441364789681695
0.6303840095338564
3.498184166939869
1.3188932118922465
7.358665213297092
1.261741371505138
0.7943474940988252
3.0499524445476274
1.6906814704679607
0.6154490291381507
3.486449809140714
4.0681568629040035
1.0482773049385876
2.4028004830382463
2.53373733431959
6.495721787555542
1.5952970478253048
1.2345065729512277
4.026257410533421
3.7651585781806913
2.1016781167413643
2.8699667425012594
1.3879202818702336
4.069269511645187
0.7204137902396197
1.9730961186565663
3.3318739096720313
1.9338392046270716
4.390268889863538
2.5942612349899257
2.992828102431525
0.4219988197305504
2.5174249661501005
1.5701459546326515
2.1589828234702546
3.3406269008921856
3.321186517045895
1.3241670319986265
1.010748979253043
3.964864162522767
1.3783701198421972
4.112325809985976
6.347492309612928
2.752152596364212
2.041984904536972
1.3102515478847683
2.1306281067407995
2.0967979391615517
2.9922298682600115
1.1552370867127075
1.2697505082800236
2.794862470483222
5.992649956209473
6.107274135824895
8.196920901124539
1.039816292792683
3.1506808224032667
5.351629550688405
2.903802204498911
2.2757762621629904
0.8000175957364213
4.102268193372826
1.4645451379145744
5.18203557778485
1.2468196233989006
1.276696462601575
3.0549083581756062
0.9187241669827247
2.052275617635658
5.589574976506782
4.347666339895103
2.4783442679804537
2.7590167400342436
1.8464051058449789
6.773265638447371
4.408787181855825
1.2467278056896243
6.097418525838534
1.3510937862284296
1.4736709746621606
2.2461681029579252
5.301901795291495
2.344074638193865
1.2387781773760085
1.0505615262254295
9.202589374343244
0.451550862256318
9.580591568598086
1.6615164670660971
9.662449108785415
0.45811256515099186
4.781077407987169
0.47445958092832974
4.839160466745874
0.5504357472077314
2.7353412822002063
4.5294691689282205
3.8512151721368797
1.4249046870674484
0.7530860450615176
3.6473545710297124
1.6230077816991635
0.6482257463547664
0.6203333104115164
1.9172969192744074
2.3603179544200943
3.3972935173242282
1.342646346904564
1.0619649399253963
2.650950672482996
3.755417510261299
1.3400390715422303
1.8729004522710748
2.918408850802379
3.285778678212278
4.881240937855316
0.6791258972691493
1.2623815477631757
0.5313342905636692
8.288162448297394
2.1956831989155536
5.646243976586811
2.460963505697435
1.8387526721029124
0.7926160805159691
1.2659743205293137
3.869054958896446
0.4561558583383911
2.1349382273119346
2.9105844930315987
4.990753676948378
3.7207037284596316
8.089228255616604
1.4720937903571534
0.8671103878308222
7.838479660519091
1.459678621808444
2.410174095045342
5.646525540962338
2.1450525436886116
1.4747988838295112
6.173056695692659
0.9380876930395796
2.9394237684692888
6.175590642138273
2.766241651072504
1.1406010574820433
1.673829224319416
2.622555749028153
1.1949402897936308
1.6454234704423718
0.6887545096177368
1.9643257091557595
1.320035828479904
2.5849126851125215
2.8197633229485093
2.921599639473193
0.9801788793566097
4.292804035428375
2.6287600712615475
0.7716430663318223
3.189549539979773
0.9937135074864254
4.350761256054475
3.5918024160290427
5.900251757893843
0.9863165623456458
0.33317262215498145
2.698863704284306
3.390135788462019
0.281596821081942
0.1424409940179493
2.387933424738073
1.9962432577818172
1.4441422900216294
0.23743597285779583
1.0998208548892894
1.9450043537799495
6.584759248457006
4.664080113600484
2.297261900503144
0.5760196417115666
2.098877284627468
0.8853617112760306
3.972752423710479
2.981319235952201
3.0079203936607173
3.0863802958939086
0.5787248535485539
4.605530533469677
1.6023445520960045
2.3091110340433847
1.8907732793249057
2.6005779698828153
2.0318114104996123
3.009339567122142
0.4155640564275592
3.132206569062719
2.587117297210202
3.5945687538596793
3.8570354672569023
0.6127278322615375
0.5831708581197583
1.913976364905772
2.168256723674074
6.055924924714647
1.9792193366692563
0.40250324135280796
1.3201133143730077
3.7633236384372375
0.4286347543722838
3.1645668524191706
0.5678641143338384
2.0559576779057673
4.736413623614779
3.096216870353797
9.543714363148181
0.5065753681841847
3.9610581092664683
3.1767749515883494
1.6352128662706027
4.6462306962670805
1.324874586240449
4.319723425214063
2.6986832396447826
7.665739854878806
4.472438810102993
1.1339320113607652
1.3774702128171203
1.8866075894154903
4.214070322729089
4.565528597416339
1.1593439213062693
3.3467233123925677
12.243672570548911
3.0809545623732415
5.446675099843198
1.3533722979389233
1.0731299180700429
1.4271580003540791
2.001868695428956
2.8575864039273435
0.6941042439908629
5.179128628784765
4.0456148276420425
0.6285377873958746
1.9810445117676048
6.52012263213014
3.1899848874790795
1.111569527239212
6.215934230309779
4.92636906270888
0.9160272953568435
4.713873061532936
5.031711696216904
4.431459719839681
2.7779281478701625
1.1145459676029499
3.598974393433716
4.357813029855658
1.3526713790540472
2.5005874816928055
1.29437527233735
1.2986217311311317
1.1328947059760621
0.6725983012585096
4.712972223175429
2.8282149835659025
3.6836756390732166
4.934811334223067
2.8714852832795112
2.253155186072754
3.435801143611144
2.3185815933531
2.0778612898479367
3.1873202505849534
1.8381839710918575
3.0616245910659794
0.9867633376796825
6.194436469321987
1.564696691537304
1.731705729007864
0.9964838262768161
1.2853966636939154
1.3293439041117305
7.275682294108918
5.696826360048927
4.154143644826585
1.5619652525907584
3.483837746932241
0.44134489253540166
1.7626000062170362
5.787254568260822
3.138520607607256
2.9521169250076205
1.376914461965228
1.5559092187957193
