1.3875048897675053
3.737216417978995
2.281424762686818
1.22505357844118
4.013689786998192
0.7922747070280358
1.9362645210528537
1.8455749781926165
1.0100740121484686
2.9465310459423133
2.860720427502518
2.269947224179959
0.5158541609961665
3.187731296176474
4.863309982144677
1.422523299646821
0.7515871997574177
2.7396976970256057
4.974727473328764
2.006889307643821
6.056108020085214
9.596184235507163
0.8995604478558257
4.091015133923672
3.6830552486982446
2.479427898269291
4.656665715829984
4.157072248970824
1.0541278062056856
0.4479906382487336
1.3709754374784477
1.6455212306879756
3.0627344891254027
7.228940187378541
1.7889929882787738
0.27138790782447314
4.677675903216821
3.6593709740446174
4.228717438812687
4.536137043760796
2.0540323172586668
3.5769958013234153
2.527241990827837
4.785504297841474
1.4830704622344253
7.900913969322193
2.96581575422504
2.1412555541453435
1.1978896220693696
0.9252320477623575
0.5411736387786308
2.264887175333323
3.0404752744638106
1.6499990147575405
2.681206087053652
4.283970282557689
5.1786681599398605
0.862918099064039
0.957361451450288
0.9933702672009328
0.5969943359107327
5.098219780409068
0.7122862310306246
0.2555039073516775
1.454743609781095
3.1022607043946677
1.560447078640383
0.5823992895601989
1.0546089220941188
0.9648756570539083
3.393546309799061
0.34723181542418075
3.298776391668632
13.764260536906633
1.7518279974052817
0.5072824308793389
1.8755128677386173
2.6206631931387316
4.424052637914467
2.3215214267802007
5.00019961764214
2.0288745184794124
3.7915245488348894
1.17250419435142
1.3931201115119893
2.4115601674195
1.3969386585711836
3.066983331943473
2.8215293255309364
1.70722799232342
4.364002186777882
2.0564923629426772
2.6988124836109653
6.058582708355303
1.436918617182212
0.6656521355530569
3.6756149273791605
7.3536329686391735
2.016113201188486
1.1602592793153699
1.3302520804239621
2.6969494980834714
2.6787315426613207
3.148492129171272
6.805614987432957
5.702832262535253
3.9532139150662537
3.5709069637682322
8.202921002747017
2.5313305107585684
6.7054238920389615
7.220780401429682
4.851136605333547
4.129407046204052
1.6716036702520651
2.5939851029134626
0.7077360215939014
3.345093155704868
1.9084340046854391
2.3373932184575508
2.220443775291719
1.614444139606201
1.3518405615982931
0.16899702378609796
1.6838179872635988
1.6326132845387895
2.0869482978717744
7.95597048756681
2.1307879329218062
3.5022233057561794
0.4465142593151431
1.472144306560642
2.923666181417381
0.6995993854234741
2.2230582643264722
5.921386447502197
1.2861598499159461
3.0656559348649552
4.65128620503225
6.168293502066808
2.832129616458639
1.9214349254582888
4.156214299824213
0.3980841434850212
1.1729328182416694
4.2469198114945375
3.1770509430632017
8.479293365857016
5.659308016687267
4.581959040801733
1.965829532230055
3.339914253849093
1.4806233763475505
0.9558025737047535
1.1588767037460745
4.306592049529822
3.8969386620893145
3.348408689016286
1.1483098622841914
7.496077770207211
2.838097188399702
1.0381177569998397
1.0554234302480636
4.39679165080895
4.338461436808202
3.8066900417752563
1.6838534610291265
3.441116841988015
2.88823507748822
0.8169424142014013
9.422729971932263
1.731642883039691
3.4799918967070904
3.2408101601076327
3.109637548339608
0.564005401279845
3.1979462861847843
6.11042039396455
2.6137726564890587
3.313952799355672
2.61801852289397
0.34061991542439546
2.2641258563998727
5.506526449915885
0.5944142129805321
2.1231237278177097
6.519667371884968
2.590963670481201
1.3915233108333602
3.8646771214407396
5.791716263999998
2.7058809079610358
4.286650474237195
1.9889068336382811
3.597326852333616
1.8309058443950568
4.38639260822615
4.0598755308327865
0.21696124874537964
2.7303216425343453
1.2645843909081451
3.858383794867103
0.5426073629931064
2.4917603377676136
2.7360814861487146
5.319374450988941
1.5213846242842766
3.7941594909032474
1.5207003393504142
0.6524590120977389
2.2315867928300515
3.6793210065659467
5.676829279874953
1.4359688798750538
2.2732822131175734
2.4903894422389863
2.320578971083333
9.33186657955669
1.6754741770915675
4.165224716600889
5.566262089869103
4.299438451115304
2.6472988865956295
8.67300261856219
0.38036706241327184
2.0087347918122513
2.57769871987871
3.684943421040237
0.2033932415494603
0.9768726399680772
3.0640761506172143
5.474152497437005
2.159427209776881
2.5953293140101565
5.57986027160158
3.061523105257621
0.3925655557037204
1.604591414738461
2.434635795207097
4.4352195652847675
1.3682054177804135
3.072523754528914
1.239666315298269
1.6267397454837385
2.511228442216677
2.5979233289917927
1.242325418368805
0.8927112030087645
6.059096887728182
2.702247830988093
4.261609942641934
9.144432721475694
0.5527922988996076
1.4158500464135062
4.07068261015587
0.983830476708677
1.3988249518627236
3.579120443762995
6.23182331128803
3.408892986342039
3.5886651469769566
0.23522244731514869
2.2221528087717135
6.313786946123962
0.846196967966347
2.639649174767093
3.407613253173819
5.137024637452296
6.187307484285412
2.736163940633575
1.9176760815356502
14.09853800643591
5.943882305481447
2.9127542225297955
2.8398964156801934
3.0241783910647775
3.7858061188167804
2.7155012282921343
2.0879555378775363
1.804441377623368
0.3249708556259149
3.978324038377175
1.5239701912257382
2.0061386812615214
2.1472658838046432
0.9881740184190531
4.011572349028482
1.528835060946085
0.9578019039876356
1.15958273351007
3.7111272769232198
0.48804596167673253
5.620971534098597
1.2608764076439816
1.2977218294783175
1.0699468513136616
4.671679837559568
2.8968798576686656
1.550666037665964
2.6101336268371016
1.2133887625471818
1.512173518333173
5.018263511210906
3.986180240895214
1.844207979107595
5.24656052880022
4.404573182673891
2.654526887816603
0.6340667089961094
4.5093810467221305
3.187442742465128
2.7225224639369436
3.758981654114489
1.196517951272106
0.37228478205497806
0.6966411740541243
1.4369171144035922
1.9365394859453113
8.265914364728184
0.6617522250651712
4.620155750292524
6.926058216635077
0.9712676750928616
4.562523007820485
0.48800764829992493
1.1618970594189766
4.082585428221786
1.6676292947293139
4.228223279683003
1.2208133316957988
2.396966635053514
0.5252195737773666
1.5684729242182693
5.142560804219689
3.663134821187133
3.2725982926234525
2.460910522688303
3.778120195695083
2.5516071459619147
1.6697477309297728
0.5488619692627117
8.016133962550512
0.9294370664121322
0.435950069001053
1.8903620063735773
4.464524904819107
3.634998701346175
0.7358249324323834
1.0802338736482562
2.9102429551729756
0.43185380769166204
1.1972987203002519
1.1673604563889721
3.2173706097087518
1.5509063258221178
3.3708916799921838
3.5741903715412313
3.4274533304286874
1.0054008653031288
1.5293216610581575
2.2223772477715347
0.9782129364582417
1.1846971413485543
5.839000558769833
1.468106541668834
1.1519191917608145
3.4132865187933095
0.10931151107439055
4.961386355617723
0.6687227125878232
2.171306427455781
2.224683603016736
1.2399921678484715
3.7321141605558665
1.0013689853178886
1.3456099517598161
4.52930523000277
8.538001671697748
5.6380939186854135
0.525156940471317
7.067161885450213
5.048216398959168
3.8315152906715015
4.373638870128507
4.169397681379425
4.908132529808393
4.818328516293826
0.604693711174727
1.2593577392895616
1.3000962866398458
1.0863402318028839
2.997511485100034
0.6849633735249545
1.8442700328273987
0.8780416975702654
0.5207348046391558
3.266702636112894
2.9637417104102743
9.027141446618451
2.1816789276496635
3.2344076387425575
5.857818530885439
3.6845783331682833
1.3898399637231957
2.670839562167495
1.4923806510333069
3.780563896231471
1.9749888497285362
0.9153907787411772
9.234158417376008
1.1870939545148373
6.302287206187527
4.005357725240957
2.013533542997344
0.8355793332361566
0.6851523129441446
3.103059413610639
1.4651007731851757
0.3562510752331117
1.9721241503524567
4.027943958211969
2.741041867526392
2.0083355698779526
3.368010462724092
6.463932491300682
2.5936152346974612
0.7419783828976594
4.136691316460196
0.8662414257025665
1.3308949387206277
3.609138596266958
3.211999363501717
1.2026861045531483
2.3335741722167382
2.0700904482814453
2.9741978867294767
0.9359751938736078
0.8751394106760877
1.569672691174199
1.9410008109904604
3.360858156921796
2.9649428762244967
0.17180103428447793
2.233000357497272
5.436646611173326
3.8673514667757685
0.6345142970242393
3.3070414112369892
2.563313035125185
2.9322476307321335
1.0890157629454211
2.7162388921288034
6.411638442143898
3.0963393903967207
2.702006776830502
2.4499555219700473
1.3610520277131979
1.3156215140782614
0.4413103690442768
1.98726932258013
1.139434139806168
3.683507756577497
1.3157386095883805
2.8963307605713293
1.7412257191686349
12.031913258413757
4.003141585666432
0.9745164666707256
4.355683417782865
2.1363040247991423
1.034274028341957
1.5616260661340595
4.121987973064601
0.44404307361892653
2.84601008128842
6.5173687756514465
3.5729078690748333
3.857031206510335
2.9877563418806794
1.7395708765867015
1.8537773423159796
6.908887323339001
2.5056754210484944
8.471443288239799
1.9081346871795382
6.292221285532202
0.927107982277186
0.5890003739362295
1.881172823803259
0.571753608082451
1.3426901667630586
1.335389130725116
2.693820825419486
5.68218955025187
2.8470887522691912
3.6492308412131482
1.1544258734681934
6.48782582774278
3.6678166359141207
1.9783775553073282
0.4095919791113535
2.021749414354087
2.5946021598698175
3.2204954758621778
3.0116423104228813
2.682255865565668
3.6808123630918894
2.789916115293167
2.4259428977395574
3.5712463806045034
1.8024158519999147
6.218093036580864
4.68899081508307
8.78949859137251
1.7268920914466066
2.507907708447591
1.5809801209758956
4.1040766646031
0.749603601945183
3.5068214663100896
2.5924987347703214
2.0602250826481323
2.750070581728435
4.147546132070017
1.3503157595240853
1.864361574456935
2.6992102187649545
2.5940174684754966
4.046873569248771
3.3237370720264123
3.783503657586013
2.2291699653081762
6.453658376562055
5.164810220328673
2.2267444646698324
4.396880814981202
4.293823585630926
5.422464350596831
10.267523079987757
1.0271439771879527
6.263949667406079
3.6799952604565886
3.682976056078301
7.0860749527001445
5.91580283391013
4.939611273178976
3.957361184522866
1.7016537023923781
5.45003794738308
13.372074148484991
0.798281050768155
1.1486582624229544
4.1861415296002065
1.710540297100396
4.7699659978267555
4.773380205289834
1.8387530183758498
4.844037775576792
6.209164717666932
4.122650930603051
3.1587270114213055
2.3207406814960123
2.859488327063242
1.6930347787649076
3.4770914219776543
4.156427002491975
1.061581082339448
4.137508909199932
5.186435366197393
4.371479146340876
0.9169811927374265
3.255174968665536
1.1287345010869545
6.078037309149095
1.5993277145386164
1.6327766915880844
2.0864336338947584
1.626435469694242
2.846218534101723
3.0698538718651687
3.0833269894128756
0.7582900944697484
0.26568844302206984
3.492341605811537
10.280220481147477
0.8878565067935162
0.8818249621058749
1.5029886627770586
7.924988076658193
0.8008093401201308
1.4849462454410451
6.862936960155162
3.453328433724325
8.246364867220308
2.892664318008999
0.8590449609904631
7.338126611661012
5.984297109753571
7.68888359249004
0.42581594369998566
5.514614228045492
0.45211455042891113
0.9865126226055951
2.3608264525271982
11.36910572275481
0.32761740205408907
5.711106202823123
3.674790411538265
2.0036264461827757
1.9950037477224765
1.7720066264741268
1.4071731778490326
0.6435702422628875
3.1935491365477944
2.903911274756703
6.424272022231868
1.7167870598308088
3.081560752529407
12.798967872457101
1.6210881342339536
0.4946257271079757
4.264444179076869
0.572391022823432
1.8006761335682566
4.232318266912658
7.630937126237459
2.1814587142218254
1.6113402037438105
2.996826937345191
0.3486125061975556
4.884457652806141
5.049483293685068
0.7546446064223178
1.8828738060067325
6.540010108460214
1.4251742749345993
2.345357132356365
4.857539389710462
0.24123388341643312
3.3438876178478165
1.3502115127805663
5.474628319626091
1.2842305643890457
1.8532738244423224
5.903834190975123
4.606408244897152
3.2939839021343955
0.18898153598915346
3.214890217730656
2.0047436837799744
0.5962409391115113
4.1236252662292525
2.679089573314482
0.990184922843671
2.0038616042705457
4.451075538907662
1.1925087701268078
2.781668025342703
2.2430187202137786
1.0257750700574935
2.8463285007313797
2.0062347893365633
2.9441736474963975
3.2506531718455918
2.1044999155509547
2.040661626422371
2.5870719254472654
6.767287808717202
1.5811472496232923
4.000466915374767
2.7367044646142946
5.123046533118064
3.5849566124393166
3.2592115340441055
2.5323458902780156
1.7615157551590603
1.3127152952882313
2.8676941043017155
2.6870523832059114
1.266758172242852
1.716390975329559
2.8834226802859124
6.1945202834774715
3.5046774182472133
3.423130903797238
1.3618001810079439
1.342234922864115
1.5533618425782483
5.839070900501772
3.338597665368373
3.9605465698174216
2.4892087702436125
2.05204531810413
2.107892608140242
2.4493162574721543
4.937499824318425
11.133506032353665
1.6590930273686468
8.618746253943755
0.7052178155174298
1.7387925942366205
3.8381460146420485
3.0612548427127315
2.1538543929317697
2.32227931582068
4.443347101793631
2.6096488088275707
6.267355988631537
1.4110162788131042
2.2047050268005606
3.4585425876280187
4.401810392287804
5.595372925337837
1.36866816132388
4.417898915694556
3.5847514535711054
4.4201258582805485
1.16654677799505
2.086811930394992
2.446017910819635
3.8186449318858218
0.22435338982083664
2.1933484596199406
1.055431149495758
0.3340188329963941
0.7195467981724979
2.9794240358156903
3.712978090968039
1.8120447611280457
1.8168215838379647
7.046055782303725
3.322626426390294
1.0874259487780422
1.1279776822624559
0.8271854263413426
2.286967564179974
1.5172860122726983
4.564888231649475
0.4359665679836958
1.6490642026833207
4.6618912644092925
0.37029526188392053
0.0808047033028694
2.4715414910925726
7.5367228327689295
4.300735895643689
1.3991096306375956
5.723801772501896
2.0464278093615746
2.2706784850667656
3.8811918040746325
2.792956026103842
6.042109518367928
1.1217707728001245
5.052679625179788
2.497353139484018
2.663094657492297
9.943987636205941
1.001547624695972
1.2781452892425178
1.993617521078507
2.309563590182642
0.39488756315541984
0.1005902053632717
2.4898842977501587
6.192837589078595
2.7344138064291323
3.356968637233856
2.3718782253453616
2.572700783372634
1.98859155808189
2.640577125965969
5.543653862837849
6.755130719703196
2.1721269327873634
8.993405057694197
5.875516496608339
6.546930318336692
1.5503155290213297
4.877286956137625
3.2507347154569564
1.4531809241731592
0.9100277326340056
2.945590885348781
2.9364220224984683
5.939883344593714
3.8082130026037735
9.376881759852838
13.54602462402255
2.40469211369606
1.6519341622106443
1.870518731723147
8.224394737425293
0.8293515627235212
4.797758369993922
0.6444219617125027
3.6889393810439177
1.1773570377062537
2.9632194822020343
3.9505202762352254
9.27815784465441
1.9179328309062675
4.621357271059521
1.4295640492062411
0.23475704592055938
3.6809335479332304
5.414433141637743
2.0490216271938717
2.1507733690875264
0.5314839489858398
1.2376106414941075
1.0905341249616465
3.5159006062243368
2.466220260120262
4.372503978300458
0.8443877312747377
2.5709160052644737
2.0550472180614436
0.2836966306462245
2.6643701141244893
3.4829433442759736
5.598310765963382
2.148442360640574
2.8240094720662237
0.3776466978900742
3.246642620762036
3.7012547098913533
1.1634570414683663
2.067742602367696
1.6901010303176252
1.1144710935620294
1.0438391380308274
1.7135979726794415
6.176103135613803
2.4565879961422525
1.6723719767792957
2.1733774376091852
3.4819406172835228
8.404971544306775
1.8013568657222767
1.8069647077761228
5.6116848524080325
1.2071141660963085
5.744170523050012
0.8480530406192797
1.5288469409708725
4.241368280408293
6.7522934808323445
1.908711822827371
0.6397538556320655
1.2491808932647304
1.296117515618078
9.682317059418637
0.905880686902546
2.594424397851574
1.6311371933432066
3.881672731675581
5.1784115764432315
1.658387984422498
3.3900947294680828
2.5288072962787127
3.0740859758705072
0.21506862864642368
2.538299180196268
1.3193881434930632
6.507603255798861
0.9162630514648642
0.9587935541257396
4.340978069767814
3.9050344201663822
3.907413450154829
1.4219954200916622
1.2359257365585652
3.096396626771142
2.390676714088139
1.8034105989852764
3.058949387497047
5.165047030735611
2.0180113369184793
3.8083379033018474
5.630228317796372
2.283947240909409
2.8504147458104434
1.177276819578531
2.4308825015909887
2.7977216987168667
5.196114861320981
8.839113317653982
1.1049193220437141
4.166829663001437
3.2764982232043165
5.38315241386544
2.2603134367277065
2.834280942506948
1.3011209981512133
0.21432225831716037
6.367167064263301
1.3603624756955652
1.7840197305773717
2.6464447666114705
0.1653022497975254
1.3795718971869493
1.1423002199185466
1.1278269270246968
2.063220514981898
2.7227160635161884
2.8894345268204757
2.372562678871041
3.0473811471332217
2.104769150981186
0.6569829165775015
0.7309640790287744
5.535047252279421
1.200637327864143
5.064957136779628
0.3710784093298017
0.9635315741577299
2.8348095595697376
2.491293605204245
1.1843010815262047
2.6624692648139066
3.5808000865681793
7.441067308107413
6.309372128809875
0.6458581654850923
3.0655723322729784
7.9339267585702204
5.8350533525701715
6.020131989738369
2.8145357958360715
2.476428249553071
0.6774323582844477
2.3584803717456264
3.6630978292830374
0.9463042854868009
2.052885452577275
3.1876025852848517
0.8547222103888162
3.021260882474754
3.3625440751832363
3.2467275235255784
2.556028733020039
0.4149209461160972
1.2670003351491228
2.3461394181621373
2.152482173872214
1.1401326209407352
0.994052988567003
3.3406407606294204
4.602053843910607
3.0349226359809487
2.7991913438860823
1.4849459743796343
3.6521777181143618
4.500664225246495
0.8552739310411545
1.6361933891030185
0.16658505218353448
4.173846664149023
0.2875415740909418
3.4328796019596073
2.063721622331159
0.21795392941962943
4.812938690267095
6.240425933710885
2.509949000770342
2.0508397416394653
1.0013402282053088
5.72481676942044
1.7076867675222343
1.8744909778551357
1.7401272627116045
4.124255772162218
4.6162662569719215
4.9571436380355545
9.912425341474606
3.975160579523661
1.3143222701861235
2.193781815613014
5.783055794300831
0.6043697766611448
1.2166380404061021
4.330381151245275
3.8772400775401485
2.3083074635224348
5.716398793146708
8.751526559407402
1.4133713735927114
3.4752459543874075
3.8242520681414067
5.686692260062847
3.2606178673446706
3.2229263258037038
2.172346230293141
1.4734938969822673
1.8388376829921846
1.6171261919795272
4.412944559905712
8.693547436698799
5.158718847339415
