0.6578932195179408
8.854878530640086
8.169859886165717
6.614929859419305
6.479371907102762
8.19608367941945
2.5531953470153073
3.960935119344225
8.7837240855517
2.876722796405967
2.906987759190522
6.20355251746993
6.070794624285391
7.176086527823662
1.0717143718229507
6.443124068152931
6.228590079785631
6.046905266050878
3.927269771301968
10.017318921152993
1.8821867905530207
5.229487163293991
4.295527949116876
4.089291739221378
3.1953560963228966
4.107352011773998
4.21485877317771
3.4427982798970027
3.4407653113295593
5.658494680469333
5.203602647346426
9.055938904645174
3.677753121702051
5.781962634639634
2.4151348011568348
3.0106094279488187
5.744521296578909
0.15150557981815194
8.286057684106453
0.027697611980919135
7.244021746460363
2.1851817997591607
3.1861129400035115
0.7277035697086052
3.5694648503088895
6.299091888750385
0.6168975239565646
4.5888982599626384
1.9509695906895743
3.033958222360298
6.191677838070065
4.481705103975655
3.910847506199584
3.815572283831178
5.6924227217969285
1.977913945258007
3.9052725157194317
5.599417579055743
1.8227312910357183
3.0756529048986114
8.646818542486765
3.967572531849873
0.006055383085858512
6.183102367811437
5.170835349985129
5.29423121269643
6.396227835881691
6.834783004425216
6.0603048077842345
8.464776880617379
4.407390513006668
0.5822074419336429
4.5685062683541
2.861617246131472
2.9566734799155516
2.815780953522715
5.3727451030800975
4.4338534310335485
7.25238600062805
3.5771452743480188
4.300403748550541
2.536518006411632
5.491662769435942
4.153028098422424
7.30799590870616
3.4697660161115875
3.269389194256101
1.926251748862072
6.792523179063543
13.367086976912761
1.6352776894170917
4.771614290734895
3.3921211545283954
1.6705026386167328
9.407931486673256
3.760376777238875
1.3615247428001953
3.908390153037266
9.160115521366304
8.334142727582705
9.842384389870144
4.428810351998795
2.9336047758808723
3.1007256059477455
10.82087079551114
8.823861790831348
3.998372128007754
3.0158426010070394
5.994341088280821
6.055992904508217
1.4887019002958617
4.167194295441439
0.9750529085544595
0.6820296596763371
6.849813614043876
1.0049369650922815
6.614125587179123
2.733968832961221
3.6876536361071834
5.697241993001915
3.374385141220053
3.6052401908481175
3.1443097361579952
5.264217076792674
3.7229948728003732
3.563558646292547
5.3171023059967775
4.252412565311706
4.733925118645102
0.9771617892920896
1.066924359850665
1.6432108852171474
2.051080807704289
6.546767840195739
5.974294514941754
4.349082489780002
6.127514447284387
6.31840191051257
0.8008904861274573
6.2689448844268405
6.463005848455039
1.864545053628531
2.145453019739479
3.665006971749148
1.3835936485023987
7.119313164053246
5.592481863663676
7.355013574279351
2.397999968620029
7.471636111522468
2.2667370197008534
9.239718906616844
1.3451338813950229
5.307592772044673
6.016848642951639
3.7069581827010603
1.9916140289960746
4.221745205937216
1.0451084368677224
1.8054782154076383
0.4966334289694214
5.901814860122431
2.826547287053533
2.7518575638806575
7.9538928847392025
5.274995349007295
6.357503158754801
5.987036673483442
3.8639410115567947
6.257107728882373
11.720676319147575
1.9658058987480955
5.241103192463365
0.6456258762127525
1.4453243255542172
5.646720003570582
4.623451139687368
9.507648953994998
13.644726266045813
1.946018314502981
3.516301189062902
6.757514691885236
4.056709875536371
3.5790848185896245
6.306820209150155
7.510947198916773
4.4397124272857145
5.650435331622548
2.9740644347543013
6.793356498158915
7.27347043109039
5.119361405851953
2.2503574919692992
5.486905804805153
3.641789860291746
4.936960621177628
2.189214545173907
7.54004953203645
2.0329362780449336
12.15381525626625
1.6608356249899616
1.2118498569911056
7.957991545834048
10.20540608634218
0.443584054510604
8.601893333133765
4.481270097576901
6.807277726727931
8.628066217466843
6.923802512625796
10.856861347354268
3.6635556443630723
1.4353234534919213
8.095258514987348
4.697428673652523
4.197393382345788
7.151687433949737
4.084400039640873
2.3337867267024213
2.4171214871646516
7.134269799218947
7.544293333989453
4.952173572799787
6.4791279917971245
8.555284695293473
3.9851093204351047
5.991035880212782
2.037863967499742
10.306396021339726
6.890392540569572
0.3873109951132867
1.2024476827367612
6.202613079663918
6.916079705282426
6.673390368360426
8.77887513646024
3.5933666186792013
5.765664856729632
6.209314657509511
6.535191730201214
6.392502432190907
4.860683490997027
6.716659275575283
3.0311165847355257
5.694301275941059
2.586943730516829
1.8648842714495344
4.922486574911698
8.423341162494703
2.854967426372661
3.9149997957637
0.5698672239895517
3.2762343109294347
4.599685743050706
3.1231001626559496
2.610028757327642
5.50803335362029
4.535243447487284
5.074376634379869
7.4654037763468315
7.167975896187611
2.256090208039564
4.233696589440736
5.003671502766643
1.2470452992557126
4.382405243391645
6.559288430779818
1.8555408441833499
3.498646705863999
0.46727241267375685
2.6093246225839417
1.676630752634308
2.0175320428064607
2.2344692781697804
5.413743315357216
3.3247283313374703
0.5128694108774687
2.981962941619149
7.12012539810774
8.598425183319486
4.255996891118927
4.517075851880385
2.591101193786624
4.80455606482655
3.6884772712893135
4.175441389492035
3.9688862634882063
1.811609895997628
3.734992826539815
3.0154734470355002
6.643207774609403
9.861247874914486
7.63507349237085
6.244119721649695
4.984263229014517
1.3407178124796695
9.697668810544796
4.85660491440435
4.824943140112616
5.324049051873869
4.235458172883912
10.652475394689084
7.003059619274948
3.1696640945933234
2.8439250746873794
2.407417292691964
5.04760990739145
3.407078332628534
4.973697624631104
4.248589509051626
5.239395881288839
9.840250860058891
2.387463841186479
1.7691695164167571
6.211676811860223
1.7639871748068323
2.285679860671291
1.6327584807896747
6.797200872961909
5.485265002429454
7.939556036366957
2.054398122428078
3.7683432470313782
4.591306504942901
1.7585240123384027
5.242597121943846
8.827829132880076
4.441838038774304
1.7908358589525775
9.272984299713613
3.1466276118826557
2.90958111695294
6.548049565397732
2.109985346876658
5.720561322286887
8.35596830342769
7.244413689869808
7.281902341756929
2.891416342434626
4.507164094573167
3.251751732983278
2.2234806877491167
5.250607472079528
2.87727144388285
5.99675297805121
8.01097937915947
4.308240850565878
4.452267181586278
6.973477171279486
4.800678662556027
8.383491509002384
2.066738144489434
1.971989293731908
0.5756775280954258
5.327582458902238
8.117037474323865
2.818835388180154
4.03756884271715
1.2742400971897805
3.5931355838116708
4.470653732072026
9.621273852766855
4.550136037648285
8.373600140067001
1.606385889976957
4.306275237541059
2.107617832207967
4.36382338986561
0.9126315369877305
4.774674856247834
3.8329173804375185
9.571850940862134
5.926417595996781
9.50938431658393
8.315329134891915
7.718604591778379
5.786875648339247
3.2767426003179474
4.504374033938561
3.8328274127358073
5.256375627954078
1.9756401031622488
5.181133441009847
4.284315822970221
7.093520638966736
2.0374101378818628
4.6707427065785385
1.218873752701687
6.481575618670667
2.4327157866304345
5.411469215150276
3.1004300918167407
7.183495608018854
4.508188285706911
7.768637656590705
3.3836813017310234
2.5334019398277987
8.477286260799925
3.334037268717428
2.8295952302941076
7.363064163755557
6.717424603589668
2.9896478728635234
2.1586325543398877
0.9361223644766223
4.049772208474077
1.6132687982560716
3.294560116457478
4.452841951514378
10.528597286622627
1.9628967630969365
0.5242665166591967
4.85949029936503
1.56375242410093
6.713533086273525
5.622029687781945
5.0750651382486796
1.9863833271352354
1.1711478698944466
7.323577529419955
3.240079129862276
4.270849061514831
4.22138227455391
2.639197716622693
4.103254941747603
3.5097725472539016
5.329926652106903
2.83568409937003
1.5220690174684823
2.1473812860106656
5.825612636117777
7.700430807386597
4.878137833842012
2.3907552428420766
0.5815560535484035
9.659863049671173
7.65520035859331
2.4452444371181707
0.8671396702214653
2.5177297892037123
3.857382455602691
5.9331937139255935
1.3187940709520172
4.244075089995558
0.42165702563513463
1.8228032070126883
2.4512501078382023
6.406417943025415
3.875380556911935
5.592858466216695
3.6073472659566272
6.539716506710089
4.325334443003993
4.121527212692551
3.5530506634478902
3.0711491728549407
3.008310560096539
7.42754288205597
6.713768689922025
6.744958477754545
4.747931022702909
0.5384780143413823
4.2901797152418295
6.212088001667185
7.707804665626313
3.9980296607074433
6.817560254327697
9.604223093165121
4.077956433522301
8.101287396599751
1.9086462968188243
3.351208459892163
3.0600568245345414
2.9311036085866515
1.1067607989612345
4.2886448339854555
7.7433216904067095
3.298175874990799
12.02344130516015
6.3507860876724145
5.086340336176435
5.852745693324689
7.588511900686637
2.30799821436279
1.9596765951795394
2.4931283530621657
3.0713168099172634
11.089521243694463
4.088993191450721
2.6711102240853375
7.213139464472702
8.1165019403644
2.1706972250655703
6.409196325301396
4.478683094749655
2.4052237998007397
3.412228162262825
4.307258868079541
3.93660124794776
5.11162858761177
3.7097137763871086
4.12798643832115
2.375696155276844
3.335042154736778
7.36458347029142
4.947881364834503
5.593722954205055
16.708729162150803
2.3851833444607715
3.1198878146369244
5.927740731698001
11.832217743797731
9.647972129326417
5.986817966664733
8.624284259696667
7.516329725222024
7.155331179584839
3.3130404116678904
5.114212002347785
0.5769905149998138
10.42988389203186
2.4906227136314643
0.28114718703247643
3.3524194792861586
3.1719578316015142
3.0333290985870063
7.100426225090222
6.549897612620899
0.4724294864583194
5.048001195175306
4.7652999486851595
6.207519606712587
9.023594172476212
1.399995343111518
6.433839078512384
0.17073251341785012
6.049335863282502
4.2084870944045045
3.9352588661088093
6.783969617410101
2.0960799659498477
4.227684725156187
2.8163696689677673
2.3681844832006314
4.927674479404388
4.5527441840549
2.6744510637122922
6.769099886086954
1.6928695350812974
2.5053862721931406
8.568942954317727
2.512967225815906
4.455953759488333
8.39097832327759
0.11607227301167455
3.620165655422504
5.52523744456826
5.272881118295594
1.6571984398544575
4.834112139084661
4.29086830868051
0.053643045955944046
0.994926213688418
0.04207656930453352
4.520922405056741
5.4635145551328295
8.196370106470496
0.9176792709557753
0.9643356457045962
6.106853307072436
3.7358785322758457
1.3504021433181328
8.301428614824715
0.8141344097478878
5.579794357158204
4.76459786805025
7.6519947358858325
1.651692644269994
7.701304620974565
1.503019649496804
0.8939307510115633
7.457275964730583
3.8500801655543038
3.8520866668170006
6.028417349407663
0.22699343611405043
5.8576166518121005
2.6487271937680146
6.879748666775043
6.326844970402439
9.690267268184844
8.11906687463219
3.0697049677210826
4.81372005291972
1.1342904847156552
9.612157441205447
2.6148271971651083
6.265182170026934
1.4605043702097853
0.5153797719786777
4.6540100631826276
11.246704623094217
4.8661616455418155
5.150865501135538
1.6023909042541118
7.383574231716368
3.6480505886119996
1.8371501441465514
4.349482913912508
5.547025028690684
6.981508785778031
3.475806658583843
3.0332267804902275
0.9819053615667706
6.492559346835826
9.296563949794148
4.604838488095395
2.6607259127804794
7.5770443098255225
7.446992803729357
2.8553692199653673
2.183739129421875
3.7617936886507484
4.201925139531776
3.4269222726159434
4.455197656238181
3.530289556225704
8.879049929390952
0.9931328502576586
3.105933891914309
1.345038441082373
3.078413694423843
5.928340587860277
3.953279145878812
0.4503336082322966
6.060228227915879
2.974215050599674
3.104247017886502
9.098029514282931
5.483804372569126
2.5372605035334157
10.321191260048641
4.497799979668407
3.4413712793674804
6.047769176012574
6.382237657737324
1.2551745081263008
7.171691462298565
5.800088377503334
3.6016234213107094
4.278931037146022
2.6872017156435826
5.450364509408638
9.899768712740839
7.685456314338115
5.070908635063782
6.769784238448821
5.54820306625837
6.339434409133011
7.653699052951143
5.319644520296042
7.9957944544583395
5.816609928411496
7.369888075176311
4.10192074589631
4.572175604079188
3.614595047342265
4.938728621241364
6.223553871700256
6.149176963105645
2.5982730596178154
0.9303862104208735
5.281154515040522
4.6204849550588225
2.1234374599995935
11.041095263460598
4.186919432506682
7.200253294145388
1.7800665954236283
3.929248803914503
4.271573757389484
4.43287651275267
5.064947725920794
7.464020399855347
3.226828634623298
4.128107028932288
0.32942206956176356
8.266233186005437
5.6129339551709885
0.458008876061756
4.272114698426844
2.313044364516836
4.613561701336663
1.7137207381898856
3.3279986582946064
7.6056723163925595
0.7668595340698885
10.183493150647472
4.200320432886491
2.6391182774653466
4.6689740234757755
4.838224627377297
3.4600013782102264
3.8129924423816344
3.3882747616197753
1.1080045858614787
1.0781026293248046
4.439258544919878
7.975289803503738
3.7276051706186983
0.0001113515738961901
3.2375411024426146
4.6872056105787845
2.0021883773267053
1.560064781210965
1.3976836619734532
3.794275197962641
2.9071129619984992
8.600903354125936
4.977230506051773
5.155307327406598
7.983141439578752
4.941370099621414
3.041167695668187
5.181187457513296
3.772604644455624
4.9930806771015845
2.4627377978044507
6.433397898133424
2.3516764265071015
8.749998656317578
1.3318433993511931
4.929052292836615
0.05993208832189678
5.57977109357543
7.868679570363835
6.30789258291378
6.327927765796226
4.468006163840672
8.808037504473639
4.63860990610178
4.984053338856929
0.5819871637071512
4.318065103160577
2.3616205809090873
5.8513107666573125
4.064182221526002
6.864607641317772
3.055430163882609
1.555119736065075
5.397920047348907
0.22905233660494062
5.3840372892390675
3.0079445625895502
7.094385773985868
7.003404607249817
1.883114419823435
2.9497969859587747
7.460851360317621
7.882890871225956
0.2627510952008425
7.41445719043317
8.919530595891795
3.1067202980725437
1.5479622796262777
10.009891266076018
2.7229980979987927
2.398059502129578
5.459635009889564
5.565989895057494
5.978888546726419
7.507284672709439
1.0623118349644605
3.0086424074910014
2.6352991267857657
2.2896701543100617
0.1432301046789708
0.6750128359772627
2.5693648234719726
0.8396936228011613
5.489680230528253
1.5094651522151148
1.738521366908231
7.320232905534125
5.610281032277076
3.3168967244746286
5.068121561518802
2.2461280598057565
2.4369924108351104
2.732732367095738
3.7101958548743075
6.580586214061358
4.2694464701028325
4.228326539256763
4.235924256617586
3.5125321381345986
4.719702611534387
3.6173761686379757
2.5204950801599697
0.2339010432757167
0.9899792417156923
0.9441461503127551
5.923739251256477
0.6751366751695822
3.843377631092984
7.617288320880226
3.606690267363372
11.4086796342609
6.5517495872427665
5.626123094799716
7.2743111937414415
3.823534618604681
3.1557285552304055
1.422200454116993
5.476794840585583
5.413531587472283
5.555444339678074
3.831078072676894
7.341444571275
3.5768089047843645
1.257862915436343
1.0286296683496934
4.901931049289628
3.8461924396727456
2.9383591409964342
1.6390143264728967
2.8133135351462504
5.6576776900352606
8.086362823505297
6.0690124440516175
4.438380602841536
7.291017430768539
1.3851209093392964
1.679727449044055
6.618512651543398
2.9528826232373424
7.769223770897993
4.5116943344728035
3.4708434588604913
5.945246478669984
6.451526178028638
4.684865890788971
6.916196774276574
5.340976578734803
5.40246364323766
6.081873084934504
6.161235786502727
5.307354479069322
0.9032565974167759
5.22910718826413
9.37015516757723
6.598467358583068
2.1968341954245996
8.343453325035917
5.788610077624199
1.8138134558430075
5.383217283819329
2.5336040640265907
7.166802162387278
4.805091454032015
2.8699394018347713
4.845502815961312
1.5846139562821402
1.101981319713507
3.7823137614903444
6.4735167220517305
5.0228630271064
4.476613754066142
0.3203817947368961
1.9979498482953963
2.4125560339808536
2.817912376494494
1.4154474836969344
4.792139194896135
2.454720035684714
1.461881930041836
0.29698408850372715
4.183937096337725
5.47132626811182
9.055385365677601
2.7911459237119915
4.91087590719152
4.3740752497185085
4.470170608986248
4.933755631641049
5.29855170679186
3.8758774439470423
5.234218038303911
7.441845274390669
4.541130552704983
4.853687010731135
2.9382588050538985
4.231026198989086
5.488228035255688
6.24877440217405
3.606034533846285
0.3468740549151508
1.2118564430512704
3.2676620367114806
6.043307190587642
6.314178238981064
0.4459058458989231
7.965519843448995
4.56820734534901
5.848570104998222
5.030401531886462
7.2784481542484425
2.8787860614128595
4.9190152424811
6.07228196622898
2.04650435722837
11.618158304608716
3.0991599138066217
1.84716817207287
1.3776554975199282
8.286248619112982
6.288628520266135
4.605097146607034
4.339257230307825
2.3248736132972043
2.5154220811827983
2.684650177274019
1.6808497489379888
6.6898465194401595
6.248448090829379
5.925682654963163
7.26949888461721
5.772727081979015
8.308163457766867
0.21820065876154304
4.038303537577119
2.667614959181598
1.0710627485352155
1.2096792509862593
5.450674069301001
4.325819052017941
8.056574034303733
6.299036012527984
5.24250187105317
6.548304463007789
3.0041293695535956
6.2875204986341675
3.116334926937527
3.765986956068658
5.967473009213928
5.760543541023524
4.174948524966329
5.370692752630441
3.168099313992206
10.615616251750257
0.8470364747508725
1.6911753588627962
1.9193456864520368
10.845773868665683
5.151908008821902
4.574889360853639
3.9089849343513965
3.6680863380578645
3.4191911734393274
0.10466762904294935
2.542748108110203
13.453248292619746
7.057941813464918
4.267247062658805
5.423667924531439
9.029927820159156
4.815187172247295
10.148349233685828
5.617338638266895
6.75701261287869
3.6810764771145865
6.132248372765385
1.2177286339092706
0.6047330116200826
8.688954681554407
6.740162002325283
6.975270427270854
3.4313204291416586
3.1174987320720633
3.5087041127292933
1.6303440627197352
5.0717112030342495
4.830129423945451
0.02108690636073174
7.368179548703629
5.673427755579405
6.134948655709815
11.103292345610793
3.493297871328751
6.3282846382309375
4.903917174506766
0.9074315354016464
4.8029915540263985
9.268700965555325
3.1830630877730686
3.6256166973495394
4.046528193611276
5.455219766028087
0.5238836458339864
1.426892441459497
