6.592657395836079
0.1764183333955618
7.6123408241143995
1.2550621636646433
1.1082813222318753
5.2776997209495
3.122956365334512
3.525156841453971
4.737851788080931
1.1177441002416848
8.383324038908949
3.189734444737375
3.3327640798753357
3.032356172109551
2.5358679793787684
6.957213760108111
1.305307102941962
6.280911647475488
5.667538609497406
2.637387156175903
2.7801325924458724
5.787413739229827
3.776843083331587
6.437037813524931
3.3863745322924874
2.9430335753924446
5.580464164615571
4.496457454649443
8.408618304607154
1.8116863688420124
2.479747432526267
0.9502939778474864
4.9289244364299964
8.732980365882934
9.027540933408849
4.899580028305851
5.758626710471432
2.7245862657290867
5.6880960988523235
3.298893931389908
5.304039242093849
11.078213684629695
6.11345312445008
5.00684823042139
5.39472521459251
1.7716219114765352
1.7061353423391181
2.095662769504729
3.19316910103942
7.679164221661711
1.038114461700291
1.6356868702489606
6.051342282372951
2.217883848773944
7.0127680888133765
5.515018133939169
1.5163334713911318
0.5799914733884908
4.915940937844316
2.857080412276272
5.699076132102823
3.497188247971049
4.581626637382365
5.873590236721114
4.73880058241486
2.019288373178867
0.9682291161819672
0.20646652962298484
4.577355482962242
8.231341346465731
3.008655060357299
1.1310078803876111
2.361368842912001
5.085546620548861
1.6959228656129022
0.11327760414811605
0.6518625671590264
6.07287278641898
2.644697809775722
0.9110702764656695
5.462978711538657
3.5304743080973946
4.561770177710441
2.6174979600446537
5.857501857763282
6.9088659623841835
9.536813851426484
2.3161861022757044
3.806713936166839
7.846732232686275
3.1178564738639505
4.007297911639741
6.7096781212653935
4.392397870244062
5.206971303659587
0.5913680140437676
2.766138950376331
4.959158623048662
9.38261380986529
0.5742238982822299
4.003364304151598
7.891815496923375
5.975755897434728
6.586103452111388
10.208605716691011
1.4892565335528518
4.353152160956129
4.411599551373294
3.1119132754455583
1.140004799392151
1.0828045181949197
3.3004472439022403
2.527847162176998
4.019253705771525
4.625557258154553
2.658705882212457
1.9736427683909397
3.314141326945215
3.6482701112173137
2.8503591618825777
1.2830049789865239
3.892450515101821
1.6419752877186458
2.9605314902238957
5.433499102116262
5.631116759866314
2.9315296221253897
1.170104474696633
5.759100339120982
0.5027626446244162
1.0172044205348718
4.852478872697959
5.88851644373645
7.1658558055230905
5.950913700764678
1.9632184677908717
4.1864312807236095
2.547693223053531
0.8278581024991891
2.177741464313261
1.495002359835306
0.8884881708236123
7.556385451016274
5.668486161184012
6.479230006463855
0.28450421426147443
7.104540695515477
5.238471941473348
7.554346526998225
8.287578750124009
5.9008685248108135
1.6714153858220238
4.48950521008093
2.0628188097060347
1.2318165065286317
3.337359927487196
5.655071878543667
2.2693760818996913
6.476757723093742
3.857819604248487
0.6974745317852693
1.4756991959706998
0.359971572185132
3.2351291932801347
0.5742078143278126
3.9370244451043237
4.624155423474962
3.5579494709597412
5.349691603421999
3.4850968495411356
10.090731609310527
3.3594828839626856
6.436478288551959
3.6668036960003265
4.067584930103238
5.827537688214248
3.038546138065295
5.45930614634462
5.7880389767277585
0.18684584788358016
5.42204959285608
6.585294549345335
0.038360240536074564
3.573403978609208
1.7752580986282833
6.7578350384693096
6.5193315261548195
8.079584375745188
2.876966720980368
3.807323306417466
0.08490513509441744
2.138841666059996
1.6425052384643477
6.415413222460254
1.9688387967699237
6.8758842681451755
7.152018946353867
1.5630887406183533
3.9135485827064858
6.513412036600909
3.363779138619775
3.1255324101815174
2.5709900093475966
4.695094001272071
6.96703740045822
0.8053556482326578
7.537564391945618
8.8047501882377
5.112409037560326
1.6386046298554557
6.930268045752957
8.201528994080583
6.930799603929673
9.04852661358142
4.404037175447758
1.5547384385211376
9.126434160414771
2.7607419954332406
5.942693119285801
4.907157512722071
6.079244017352087
4.173439018688148
2.582668964714847
6.210779517647321
7.665643101817514
7.5579435944691955
2.8534303489933706
6.5800914018698755
4.729303640261571
3.595191581306952
6.066262294685243
7.350468805990821
4.286609767979933
3.8400806235398623
4.483690944385841
4.712240478966284
2.630266959013979
6.264525332803064
2.163137517435189
5.6680330228032245
0.8022228391408213
7.602719055568718
7.560082470256742
7.149054397762823
9.314834878746334
5.8540436251156045
11.499438326232053
14.550769224815301
7.092833224306579
4.7175635035649846
2.001439306853949
5.873748452647233
3.6129919854149595
4.276173898314578
2.8168383067056713
10.196477529706906
3.7837069077458856
3.0322709091583877
8.375590873260764
4.052934643992075
1.320276719734291
5.9590843921604275
2.7501002647353263
3.2392478009261434
2.687176676393742
4.235069630633087
7.391883344344743
5.324257955072952
5.161249025639426
2.1453608109860633
8.864650781531292
1.5493606091246113
1.3498996434947368
2.487566739258278
2.636413525222032
3.0027745301330726
2.9607430273175677
2.3337510216501585
5.282738444564748
6.565740693758532
4.1151845903134445
4.284740585957624
2.8216098129756126
4.56264979920305
6.431296717581398
3.969041619718947
3.839209328164249
4.952746233710872
4.906669126842306
4.4186556097488285
2.4244386117124885
4.565586534629901
5.320901048466587
3.8534216942922868
6.486217263158761
6.396851549798564
2.831210948307848
5.827114479608191
3.5698039078350745
1.607290010812111
0.7328610812459715
5.215115652423967
5.541205015887093
2.8827090502765618
3.684537801342743
2.103295352201993
3.3207656743772245
1.819304705166144
2.5042628460594774
3.6862383255886755
4.178565888531879
7.197326584910119
2.2548210006767953
6.13219775364251
0.8333781758498504
3.2718448539505385
2.8387447272781543
5.66830591628301
5.6236329243351735
1.070614841645917
1.1082970559338001
1.2410731389662404
4.552493244525468
2.9148217222478445
2.553511625882372
4.22409164597037
3.7115214553456077
5.495323097639832
6.315195283282716
0.25216254828877904
5.857980193045998
0.43935374817505757
3.63720837517014
2.8394124126153537
2.966286800631193
3.2962321701289037
3.771822621484813
2.638227196218513
8.728395516110588
5.319245633899538
1.6692843607795886
4.591184893642136
5.56216457107999
3.336597415349863
0.7037052963324832
4.5326338321650335
5.069884878590118
2.6196906160384925
2.2363336813279395
8.313000823226648
2.636263543375462
2.5064196352355506
6.941775693277565
1.2749632501296975
2.829096132849464
5.09660017491895
6.531937607329464
7.565853859601862
8.674234388477426
2.966148106985325
4.3562082874500785
6.3848390657638365
2.38684209422449
7.220403556531908
4.683092220914168
0.48975203973248904
6.242689750274349
1.1267905186859601
9.69320079354509
2.461791971235342
3.8173596718301006
4.512687970589804
4.84833401115482
1.87011857148222
5.017212215731621
0.6129248653707506
1.2179622963390853
3.1147047324327812
3.8810917209662485
1.2037709907856318
7.504125098578117
6.052529935283863
3.473925798459593
3.6454310485919574
2.904859121893444
7.84154047597416
3.9396886665139954
3.1915476785007217
9.230742472770258
5.820613088241572
6.587819963915942
4.411290980436916
9.025326138331604
4.080769308955298
9.753001090374351
4.3391372871580005
3.8130977985239363
9.772951229509719
4.7246005826810675
8.725718010317935
8.597061716033512
4.79648741779896
3.1880518557611985
3.42707754472895
6.891553463706888
1.9376164254366381
6.316501029399828
4.423600745374833
9.152892419176467
10.836272752448885
2.1254924866273157
1.7823836706120733
8.220649996762905
6.593841065012154
3.7629889080088432
0.8523324365477816
1.9198617236713318
5.322544630534299
2.004662819348719
2.611173355803502
4.076225172792243
1.9484734913529502
4.610564555194136
1.8567945280187579
6.9927133154414145
4.331035915957491
2.8825551737920847
9.268264659321364
1.7220982647391554
4.756134602726458
2.8375718451397574
3.1286983281809304
5.832612623120211
11.532666597114954
2.968291536772636
5.718276799854061
5.504590029709709
4.671412743352274
0.8582487499539564
1.5167042372323807
0.5989780371942737
12.461919180457894
8.581983729024229
0.9805710675059007
4.477435566713194
2.902961458182706
6.32098826394619
7.611694533275928
4.079002401636349
5.226073277202729
5.922234639882474
6.270432295831053
2.894706301519639
2.563154813291474
8.257691181972959
5.494569877738119
6.750235703422675
3.528121723745631
4.601964034672799
2.9500386041023905
1.5668528817539293
4.751989109374298
1.782453371768126
5.952262669162422
4.1161710026473814
6.8719733184126
5.408245690852874
4.8095220701736086
6.5179952724054875
3.410170525559958
7.337658236779233
4.4759252794079245
7.835878389339904
5.461387200085912
5.933929404874382
4.633560382708674
5.385939539088532
4.900927287966954
1.7056036039450966
2.0669698716361626
3.2569624923778115
0.83534652701948
6.1371608249617875
6.776614108348387
9.591248937486807
6.825781068243188
6.333006373366765
3.6129626800271977
4.50587028669019
5.138330077862338
5.001459418843449
6.257988097165601
5.439298813165612
2.5585996175689765
2.7344210131631077
4.514890358272142
6.873560263963489
0.7833559382955286
5.233857412343196
4.879479996916132
10.119372195534485
3.392107618080421
2.357467178253426
4.507982411022182
2.6915984528406884
1.368406312669046
0.7344507232365207
2.614417299311902
0.15081171863473886
6.484682881650643
5.916190949543183
2.252605356173121
8.122167473693871
3.6994181520800944
3.7720627710535153
2.387339232225002
8.81061794566414
2.141903370239679
9.089513485313399
5.362903769307846
5.756136532564714
5.987592201155762
4.484765010718113
3.489733976411425
6.6622293711446945
6.018801710375454
3.7893984049242646
4.649803591946431
6.658427408358678
5.4486623110688575
3.782448157334967
2.765855765716357
8.325911195517646
3.9398981869596286
4.041782543337165
3.68829802666028
5.775614062981411
0.6524073083674762
6.554154292640803
6.666287885945872
2.355448158308244
5.81412484822444
6.121916062030097
6.5750051044944895
4.422781175344365
3.9849652863864202
5.1769816568402645
2.4831939143585777
3.76501657461137
2.823475856855565
1.5111098768924252
2.4158276158965015
2.851800819435712
6.049241729660421
3.5929837689029736
3.7595579338156373
7.450528796046802
1.0294222012069385
2.0651834305819374
7.6824809283421995
4.724410848541545
4.597194136937483
2.5640373931456635
1.4228586752730195
1.1260065873724332
6.478661220013375
0.12818553522019327
3.6568606917539284
5.453869525654309
7.064513616921598
4.878620112455638
0.5279258593065874
0.9358874620473143
4.10602401988838
9.169566721662582
1.942001068147711
3.327116337374089
5.444669275727705
2.374786730306475
7.140850815888006
7.170651045124689
7.5651286430341615
8.067332241235384
0.09682802686220793
0.3652235496553602
4.217092309920079
0.4484079300711956
2.4192702798204238
2.52228491001003
8.87754068595312
5.436060204330114
5.815874791990322
0.849971791829915
6.215665815035466
8.817173860375949
0.30765730565451443
7.118314590730251
1.570830301629421
4.189529225584669
4.904723799048133
7.334209710477808
9.062843557581846
2.7095391099260184
3.4789557014337062
3.510850515614869
4.388961436648343
8.490129945216752
2.091627222889438
4.753786562320805
5.817562936244171
3.542595672774723
8.49587582092352
2.540430760941015
3.7686697503801114
4.4455007225725955
3.5625365524452994
1.6760728397410696
1.977481596045807
3.6130707321166553
8.550442857375682
3.1650673255439807
6.6560317118772705
2.707850449974881
6.767215739896187
3.297864208075982
1.7660271607592875
5.2121747355278485
3.308261429536465
6.20644466214903
5.07419315513874
2.73596076936233
4.705235977330647
4.260344189643289
5.463265450161238
7.98994765722154
6.268285907191169
9.549813322647287
4.845792017173304
6.310780673071676
7.119000188993793
8.449927295057115
3.629628043173222
0.6112957269332204
3.249583067369323
2.9348249700833655
7.338575088580855
3.367567169055553
4.849941963090251
2.2448307381096986
7.190365447860228
4.563039236385589
0.7669741358987965
3.6698466095094924
2.5800830356022244
0.24709268296956255
2.496434058144131
5.339121804222662
1.9822108804433793
4.423850959873256
3.85444025936716
0.9621973781333595
6.460918199804062
1.6931915576427565
4.200904513806411
3.284577146175294
1.1065505112272391
3.3595506172330905
4.4126156584893135
3.8254500502594704
3.6388455505829076
6.019211137030382
5.824845029941901
4.636855062568543
1.612938354738196
4.283204241792851
8.119278756853696
0.7666352195831485
3.9640812723867107
3.2001542640401968
7.296628126254687
2.5350713069872413
2.1379183151333407
0.7842128047553429
7.975209457335467
7.913283204365297
1.6985637539489016
6.782938708056096
3.452018773094195
6.320277591855611
2.952115883510868
7.731155609009155
8.005015810853175
4.966870623033354
9.94787681184693
5.795788096920394
7.383943213470757
1.401752263112141
3.226602994367581
0.657892841805892
2.3496919219352828
9.366213215938988
4.838240131860121
3.6377789610600124
5.316396152545101
2.703681479951805
3.262794654433945
4.635825762476999
3.4261263837762987
7.652065490317307
6.460477524182994
7.826040868430741
7.480627611777775
2.804173706213251
2.574127574574274
5.6925185864057415
8.990328243157933
3.5206889422585643
4.572474037275173
6.021723814899982
1.5763166448618469
1.792088096779937
3.6246122094751207
1.9098095957807422
3.3521743785231126
4.069883612090231
6.1613252013395785
4.3970057422326825
2.362092648513698
2.3620168322333237
0.10787572036837378
6.471215126223214
4.521209937772467
0.41692829200448145
5.397549475170173
4.225048550441768
4.21142996067676
6.1279402217677355
6.328669412404848
7.39807118621526
2.755948484382296
4.052977505324781
5.4102684474527685
3.543530781759928
1.9202035524757246
4.967098154405335
0.47327727580976253
2.5246114111418407
8.432083301628907
2.2116005426574104
2.6462092256201624
1.6545682933096169
2.65940752188032
5.176116923220026
0.8287904347725501
4.679340751054337
4.658550836930766
7.189774415174368
3.5587161053996876
6.829865293631214
3.015699235574366
5.03243805214311
2.1596728970182157
0.4703944274923897
5.597272097493498
1.4853379466185133
4.196174509504148
4.1075181349286485
0.5913002455629313
4.902812223107707
2.6808130373349863
2.0808912036577984
5.14711863050046
3.0082462449249103
3.1915860711803052
4.065066857964203
7.659199446192843
7.797334558834765
8.168366919595016
2.3729830126496947
1.70842718544819
5.817027379933125
6.03741194343417
5.204820171876747
9.409744834390928
6.753164484050846
6.402952220749518
5.627110093646772
1.9891330311631825
5.6819086653047846
1.9066368074701514
1.7102533096994175
6.857839257376503
3.6426598692349663
6.574386966791366
6.1707405927362124
2.7805052142141538
0.6082864775528254
4.894878613287014
1.3056827602710461
1.263268516682368
4.994711764965472
2.525749762028433
3.6208244075376768
1.0189459158978749
1.4162519311465975
6.6174514048942115
4.199837115177048
3.2639804387151865
4.229107737808055
5.9502428090148065
4.169921928995712
3.613561198710033
7.822219596055248
1.9375153190139431
2.774826334434592
1.087270153307959
5.34801692049723
5.339754897725592
6.93308999260289
4.8491928780219204
2.8439021856507845
1.7947446065876118
3.967522810917243
5.611531894117558
5.932296473947476
2.409067056884962
5.148616502076646
2.9689920863098958
2.9226811685487357
0.8842050245893747
9.406184437399833
6.9386211493724606
2.73293857319789
6.901440863136218
4.36318923903145
5.776189992523779
7.023111827458653
9.76476360646749
4.404373666800965
6.624888746187874
2.7585893960758536
3.6339256504712325
3.6896724729563948
1.4971973867035415
2.0252488372245523
6.176685030020842
9.95506214532752
4.804238295760486
0.8740591196397962
1.221948896187624
7.846410051090597
1.9834933292641703
10.448350844164974
6.5592472154438815
2.2240387630628105
1.5248378626516605
5.293797270887519
4.4382120792450905
0.8292679008396586
0.29661113318955445
2.742243372826242
5.9300030058879845
5.456578557695447
4.510974038896827
1.8441843641217295
6.770669834200502
6.146741770111546
7.127486737078735
4.899746878433592
3.0056232106290572
4.432594220175836
0.8039015620592789
2.6042083211727807
2.2901141512363026
3.06664912024703
3.5898631633508806
4.248499929218456
7.390395754931021
7.421689945765863
13.047737043938783
2.676331949390236
2.565785809610153
6.834800290305692
0.9829058768225485
0.0001686307243562446
3.1154597968813604
8.72863249400848
9.980347026608776
3.8940988341034997
2.1297143327756687
2.8956406490265714
6.291458940544741
2.211218704252512
2.658207662657541
1.0893977254296385
3.1791365793009265
4.610932261936532
4.479153452994432
5.712356340522738
4.5014036574879075
7.201732393499699
1.9823638958412801
7.285521345782479
6.128042633230464
2.5667183261620314
10.96492544360422
4.049135734858174
8.059356319964461
5.510644178641785
0.12540306026855097
7.369291369717674
6.350175905399343
4.209915272585773
0.6889664444745929
0.31513286833891474
2.1461638559598932
4.597569067010541
11.895000071503445
5.87205423526673
2.975985313791267
3.2743451449073415
5.848425765311532
2.263140027051527
5.334185283583603
5.230458219461589
8.349629091128065
3.137451266574608
3.2626975550826254
6.2080762309698745
6.87120449597577
2.4778182098645534
4.900508990023254
0.12782745748301805
1.767262239814324
4.275557297181075
3.3225417702670836
3.1530648111317827
5.295207875392425
0.7742875597179713
1.0192243831325354
7.104789663351518
6.313316073507415
3.62410791696243
6.271037591962518
2.4580204145650915
8.226140528063253
0.6097465722583628
6.8509906837688535
2.330207457192281
3.6788984629467976
5.240223228723828
2.5720796877309127
2.679919038498144
3.6372203872604345
0.668049320924037
4.653623581504062
3.383136341669953
2.7415969862529135
6.250802927371115
3.9149890069412665
4.274091161683502
0.1719168004208771
3.7280362103911093
6.278872748123757
2.7413976126688953
0.8115207174358177
2.3754825468257983
7.048105158602706
1.6723794482938654
6.822861486514356
0.42243990913515583
1.769889665739838
7.2265591568566965
5.8378939834396135
1.4480381630946533
2.0959581481925036
3.9506687060944357
3.153119263377259
1.7722140506355273
2.3298414006051074
6.480579891503375
2.1063206981161695
8.813863538519628
5.374614347333127
4.3819549512026175
4.511485644413678
6.632364635109241
6.136049987026487
3.2649694438292
5.409453545629526
1.5416615411806882
6.201173270657529
2.241465384351161
5.378222745635452
5.585625329087319
2.004418799357743
3.447426123368905
3.536403776125874
2.604394111278042
6.550183820014993
