2.8364231561574575
1.0614651492535385
1.6304842582649606
5.178984233817496
5.0435935592200325
5.073882351154144
8.70250925969589
7.082374647702803
3.377597029085072
7.491614738734858
3.911033567079265
2.538925190838742
6.163751665833628
2.566112402783241
4.7664244635725295
5.372386886958291
6.576930152197921
6.57238875234186
9.320118619095313
8.821192602565334
3.04216460651375
1.9751415321101216
0.5221125405309062
1.0318616058948877
5.864745260980651
4.290526173547888
1.6408793986926122
5.498591867857609
1.481165964796881
4.366837809752975
7.3218640958968315
3.9076360520765685
3.3229300673240525
4.4517427201294195
0.6084740294933253
3.891979151755582
6.7130981337129985
6.99162944416553
6.595887477092434
2.6731401808145416
2.1754229891313295
10.84206077592728
7.421510669197004
7.60965003355353
4.833390018950724
0.878634280195632
2.024619621629385
4.973652879085492
6.756893441689777
3.6769798934562186
4.848187565873686
4.563812953961186
8.239546226701194
7.754452376469526
4.780024348990367
1.9675369701885148
6.685706707170844
6.3976795625386025
4.581615042089415
4.229498644519793
10.41670012968039
5.376143778363699
0.7239280048466172
4.0866970751720935
3.9194384768441117
10.060505993047652
5.7040869063854505
4.611715730534486
4.0340342086085
4.7778339217900205
4.476525439452073
7.001994980942963
4.702649586423748
7.322229798882477
6.438819415190716
6.190621444808866
4.731079854753842
1.8102684846748676
4.017800884917552
0.6395440678745858
4.786391774365196
7.025742218998412
8.956051253687043
2.607399710171509
2.953511657283431
4.809421081415131
4.5603775583253405
6.993038455737405
1.911023241106037
7.335762281546485
9.357733233556424
6.238047115981728
4.885568924309232
2.936265273255848
7.807139615821182
2.780466959996712
7.242978408355867
7.102842221983963
5.094291031038642
6.627357058877834
8.224259221014655
3.9089386679206783
5.668216291240331
1.3738904592998842
4.792741564165323
3.581771187919514
7.857346734648136
2.3002874738574106
2.4835112943792073
2.0281121381834146
4.627980966660412
7.053895615839645
3.551247191733604
7.292899759743749
7.338990122421553
3.4729289765173244
3.6664051357951393
6.4793111219935495
7.180560451662851
7.752946961769045
6.127074432447494
7.42035818262049
4.103025450397119
1.769437403580961
5.792106581467523
4.100443303420223
1.8975351122831068
0.08975833921778165
10.580311670782338
7.589693312598753
7.51960852989499
5.654141141217534
3.701552353437119
5.463483181807666
5.688169187439154
6.143430911790066
9.821838914112409
4.233134262915241
2.833261480915003
6.034413660301082
4.006956962807536
2.067592822196386
6.295348558344777
4.4185457760852636
3.3758244849736525
8.871786012189906
7.225904565732362
2.1710250849135053
3.9447181099002266
4.576206185826656
1.225272425302518
6.152701371184686
5.468500236370758
1.9497453470394253
5.858652048260038
9.475384907397503
6.759793294049928
5.58720715581612
7.083126561890195
7.4501088958082065
3.744900998826987
6.390421588991345
5.723090767593293
9.008113044298875
5.776687563369723
5.027827772447145
3.1039194153024994
3.2007798867251367
4.867100876240064
1.869719174438131
5.7243430240659965
4.434373454153069
5.075572198167954
4.9346253879689606
6.1863682230746875
5.396703985185625
7.400536017213849
6.858042016102946
7.167399136126146
2.315586430921743
11.050100235454547
2.295175848899598
3.6546795107029117
7.868297242993956
7.677109401697696
2.1264799339870755
2.7200231649382824
1.367581119053268
8.26941712507369
8.16948167224362
3.333726222796769
1.8908094489204204
1.4641646320250086
6.362115384508535
3.2423946474114276
8.430545534585756
8.176392300326102
4.311097130220186
7.715318461382302
5.296780096429879
7.338497330419962
8.867708434605422
3.926791277249233
7.10217595823922
3.9188369454041823
8.337779287369482
9.882073095382557
7.278397375336835
5.2491571271442465
2.6693380900007386
1.335307965055573
5.819613522408514
1.2855636739994067
6.077986645637571
6.739206213131887
4.331046806248142
9.130739871957518
6.855143677498729
1.0010259069415448
8.306327543433405
2.789676766765133
4.371905360513001
1.7636027810384807
6.376742208408655
8.012810769761801
5.506371253005086
5.613618289337541
2.750715606781978
0.6691185783756648
6.517894320967059
5.466374343345426
6.73373832886926
6.984130350924509
5.142759034636518
2.13070690505138
3.709780588723116
7.786323198521267
0.7944402024903594
3.739191080034307
7.515062615647574
7.750439967681481
2.5727918024564467
7.416293392622893
7.2329728063323495
5.527578814689566
4.470047463188494
6.425271349373701
9.34191323125215
9.452003253785595
3.7314792172271867
4.326904942532421
7.557687120903008
6.080662332488291
4.784819341298401
1.7991960507633844
0.9474554352606877
0.43428820775693744
9.495931190371167
7.674323956724956
3.044923357458042
5.839255639340214
3.989899425700246
10.735454209113653
7.616748314098106
1.9114140153919097
3.309146439340485
7.321591896211744
3.100806109831276
2.715457469643134
9.005677247624899
4.48594147497784
7.482166482378854
1.937388818664533
6.505770787141139
4.5645930940127135
10.075186225902874
6.517548533614672
4.6300016474312065
3.455252234888432
8.06304499997494
6.567615353297932
4.372280115845132
8.007422886181821
9.826753861911374
4.977657510479457
8.024073052929076
6.33235662413027
6.700564596981353
8.641324256978361
1.3136579787148648
7.1667812950922105
4.024510878971042
4.849315578269546
1.5623612472882997
4.157287891289516
4.694168006694364
6.35474558886969
3.8546040551778926
1.8930646043866797
6.311633152897197
5.370099062304722
6.013677295235186
8.418674195526373
4.136370058659411
5.157855773087676
7.816920116114168
3.1202412161344046
3.76436830369333
0.8115819424622055
7.679087723585295
6.613800254225374
2.432719269316168
3.2216904439756577
4.9555428418179845
2.2796713126783565
4.988290744100174
2.400190734419032
4.417317802037047
5.1661180779167735
1.4334807229072135
6.403593844316246
3.493279457679663
8.50197906697159
2.0485419688436832
5.590501007421788
4.9261434031955895
9.1071072405805
8.381058255882879
6.759760353251304
6.640549909456476
2.2633410391391515
4.534541663380134
1.8468500139978379
5.705485588412111
4.79034980633336
9.221936597712165
3.804657921398766
5.586165895815923
2.9079513149716165
4.0961656668478
6.498934704787007
4.500072074454026
3.380821001539954
7.629746633575184
3.3159846130406905
3.280404458523798
6.265085552138972
1.8953018724138198
3.4346652686544887
4.557555679653377
4.727270347339096
8.379706734815834
2.369659417429143
9.494826612594665
9.465403841427008
7.798222886037227
6.654049084305381
6.073427961161927
4.915997130072388
2.9960385786665547
9.089256727721882
4.256779634970786
6.228685255303597
3.808093790818506
8.999766302029352
1.130096012624707
4.685406083288814
2.1732514860986636
1.9287934373740616
3.4671641100740316
4.806361890133253
4.2120592033653885
5.318058052392217
3.7517104120249813
6.484366822588887
3.02558690204939
8.343141461583732
7.157045500435432
2.041920472122667
3.9132984756571805
9.801567724121114
3.495280913772917
0.2923997153830591
3.2293763739531784
6.2091407106553955
7.3706016246776045
5.725075945256994
4.675218832417434
4.890050143440275
3.4789800436898557
1.6858709762122905
6.569729184756878
5.1848550650242275
10.801289351385368
6.533678659331813
5.006296281221625
4.127506152034821
5.27275367201834
3.8971211999716693
4.40353909708258
7.758871951592889
3.002763281547753
3.2915140644776866
2.710645782561854
5.759191027661709
0.8099800521550371
2.645640317763343
7.9731035221974516
2.5495691257001694
1.2091668278150527
4.992713121070231
1.1833640038707358
7.935689157690186
2.15753224990898
10.244969166911137
2.7585334558001
10.085333187960742
6.978866240405724
5.163471014282681
8.324679508386852
5.562221588031743
4.114566504147754
6.511523769429268
5.908145086524219
8.812129334055127
6.294729173465036
6.307416884107103
5.645617071941123
9.401947421963902
6.008974551794733
8.143395599563908
1.639693117416078
7.197224086459626
3.4611598205460057
3.338872910355255
6.723501807953627
6.537608677134912
5.141680879995545
2.357193499655003
1.4157839024480348
7.156163643389137
0.18754131628618076
4.058018552614481
8.009114039292275
6.828830198797382
5.079574920537846
4.736594877229251
3.9885276381311527
8.991883491679287
4.402436485354533
8.39738131834324
5.160158442857151
3.8117362048318943
3.272083221195557
4.702940660924197
5.786990343217262
7.279871992607079
2.205104786476985
3.5861529573505484
3.1942660794494673
2.1727413838514114
9.626863248348947
4.8454630928212215
3.5641160054238017
2.6123176977010734
2.731085380445631
2.2865955862271488
4.823303308407333
4.991095949003818
4.85617013665706
3.781344112957891
4.674682405156209
6.921194493786018
8.020415372987017
0.7248834316176236
5.082011365256548
2.606817767938867
6.510356714431641
7.817141950100151
2.2146665291699574
7.996884940208334
1.1290674278467367
0.9709765645547863
3.71971555493393
6.763614678503919
6.854504644599129
7.597733390491122
5.851040014543889
2.698193163824916
2.125142143585922
8.085563865619442
9.823533070663633
6.4367520957775195
1.4788375486445773
5.413051945728389
9.91884094202883
4.433897743602592
4.607451641805311
4.574899880268641
3.27684964494993
5.378564663385667
5.686284795725037
5.000306102136401
7.142309425986134
8.440153620115144
6.770750132533635
4.636060514120792
5.498485960953327
8.457439469052163
5.768036061692901
1.0651312651441502
5.272274206711764
9.435305470480401
7.908427480360594
5.7055429721695
7.424355695018507
6.465615909652632
9.7087191626748
3.7652540511101265
6.121475370628456
4.30936852168323
8.41938129419184
2.9242139978105985
7.314768839833022
2.4154145687651196
3.648353157048769
2.541594411414838
4.889127649730871
3.642053911941606
3.7637877253689647
2.584454908045598
5.720012358924328
10.982850874546727
4.517816169412099
5.30952616828223
2.2915368358148793
6.743692033746791
8.325123833335184
6.545910633185464
3.8532663100769744
0.9492530790458478
3.6706251637815077
5.510890406016471
1.7002411591715698
3.7340043410084753
7.549137597335274
4.970523568902372
7.293423550223353
0.04191149262284899
1.686342239433079
6.847153996154587
0.842944320700159
6.4991445589897205
1.8758468103297137
3.941794042849713
0.06979295162822918
8.304578435300176
9.065812370025771
2.295180366543853
2.6664621930004033
11.422847520107874
4.236813253942376
3.9056692079372826
6.036865707110228
4.33915089709539
5.0394439907766255
8.048791908147415
4.229962506389315
7.492292292208029
6.514258368431191
7.318323411185717
3.194661738175107
5.162659836051618
5.555402473416394
2.9729574662346567
4.107214426117691
7.450352543777695
8.30748234836448
8.83817844809511
3.769666795667921
6.779785916245547
0.23379117048416553
6.395308431515046
8.41366774264182
8.620905915634923
7.710203522701249
2.3174404761559804
6.353972103360135
3.6122471340131193
4.090675628601711
5.421596154685482
1.6876886604212293
1.3473815607240338
2.2597726094826838
4.978561357805579
2.729068320644371
10.035976380199827
2.6854980544807745
3.8067677441613994
8.18355944792265
4.543478151267611
5.776220399448127
2.779711452963344
3.376276545026737
1.8236781642915045
8.588782134104864
9.384648229470633
5.6526553689886265
5.380283000737737
5.27231754744573
6.976359896912278
8.232313318143879
7.9413048171780485
9.409942634914987
1.506677425600445
2.306751616519977
7.535138434876457
7.5923789548656835
10.075851037694445
3.6056625103100304
0.5347522506699329
8.555187690867431
7.664004013586805
5.894431559765423
9.607841252518611
4.623075330273825
4.939330672118008
7.978187396944687
2.9973145244670363
4.686966781924051
4.3184582891023915
4.362625798561697
5.166176483936242
4.204721037523796
9.159186634527348
7.856000017706757
11.656726692148766
4.0057327609266915
3.108814209118673
1.8485128531511235
6.038120830687611
4.610191633259975
0.49259619376818886
3.6944838876080652
8.468678624308534
4.680538176425245
6.722285678114318
10.837630433913446
8.80884454088934
4.98041670621164
1.1699930968377208
5.032147288633803
11.711957279585015
8.6053432859024
0.30304356464749826
5.0470954979533555
6.755880408867386
7.90848778765943
12.570739129097841
7.366103662374842
9.526050336774148
2.719607527464696
5.036436945372384
3.0962691214371967
2.488977404752235
3.494263598462317
0.36229334080085884
6.222093615344651
3.7936251439972724
8.588037085578563
1.3001591614219166
11.854515722908289
1.5054083954845452
2.359499462107986
5.659200158210004
5.050495802771109
4.280350471907678
3.838967972266779
2.6040181684346244
3.872297344693088
5.311567786146483
6.179463945002998
0.96209947914243
1.2719720639485104
4.6810028118420615
1.683448642668
3.578716414057749
4.3128966360760925
3.3379313029003823
7.918047420125649
4.20016967593487
1.2911782381000068
2.2313389298088264
7.140091977839775
9.171724753873754
5.869233048348039
10.460166418802057
4.1571043020228196
1.1086081785329127
9.33554858743413
4.112716208200271
0.4692490716216131
5.1753620038516415
3.7363487845511543
5.384993696382784
2.09817181602664
7.267879332732289
8.076712983586248
2.0305385422695075
0.11716349737015364
5.438159650696567
7.3150410887930715
2.010345044522226
4.693235212746049
1.2881851711179264
4.4463029197149435
2.3283269806297744
3.2317542334924347
3.474148526282444
6.020426299262338
3.9493979121067264
9.618953211380827
6.257835015579307
8.0012661003287
3.987537317227748
5.596918500879195
3.816519994181527
4.90159408966018
0.3852266557503663
2.69895663275535
3.8209439642802656
6.032313712091216
6.113229691949153
4.522169947695918
6.796584686653836
4.940718495131981
7.801586121791541
8.329251965463598
4.565932273858013
3.7870188808359586
6.497651244510112
3.8587167461273246
3.598794520852689
5.67683577396377
4.740660551747845
6.9571482588122375
8.42435124663373
2.8868734284412647
8.782089658972613
4.10315005445256
3.5215968111620355
5.930445244728657
1.0805750083629366
1.4047626384249456
0.4952738701760184
8.312199302672933
1.7528223430729652
1.6785272771402528
3.182687058177028
3.420466212794293
0.32093620901459197
4.311042230653232
12.45522907279769
4.477957360233364
5.630346441252534
3.654089561482451
5.684488876061448
6.758314304175281
1.880838234300783
1.599317567146131
4.518630701741397
2.405168677812396
0.12602673249034702
4.2392758732570694
3.40975154047562
6.518156633685984
3.4412454293849817
2.321063359390294
8.126665798723868
3.7853291182085034
7.144326021205243
3.654565636960328
5.058190778436415
0.8153035575089316
2.0771622938248013
7.500590220105337
7.506552176526832
6.5377125405832714
1.5998571754392104
6.277104669443235
2.731348428165912
0.33938075528927314
4.432429858425128
1.0434079871822775
3.5461330907638455
1.8071760919806374
3.9837209189606004
0.10944417048430832
4.514109785996524
4.595953558432916
7.498846958012394
3.2416130312313824
4.341041242894377
8.504473213657441
3.9874357487730108
5.02863039680801
5.501612102720354
7.796908182737178
3.548365263433352
5.725309287685713
4.8274176268874145
3.944761548581659
4.836316494512762
1.647299394128237
5.151767581114603
5.7642514221275
9.266089637282924
4.344503537977382
1.4182967945112552
7.376635434501914
3.925192766826211
2.369210699400805
7.130100660032985
7.057537976916077
7.5595280499641415
3.526119112672838
6.137488698666364
3.458821344595449
5.448249594216239
2.551247335838281
4.715435658506626
7.542427567277644
5.192069553285794
3.745064345599429
5.933950364000432
5.288413106139474
7.629975206230173
10.255854910733023
6.365245846371273
4.502365283105647
5.366833525183099
5.905261130089187
1.784986309053707
5.988446063646369
4.675322318480504
8.590852443411752
7.450149816283584
0.8274633324906597
2.5430096471161914
1.4228661929511355
9.729397559839235
1.1559023043156333
1.7757863613126132
7.1673738557087034
4.20063541832278
8.449068480976763
3.9001077713927046
8.44389181779875
5.29603707204458
2.4766127771528104
4.980656372020283
7.066101316725618
5.030193138063951
0.4118139916476622
0.5332691735546087
3.2594613691577337
5.209972695928961
4.513917774543066
7.833881408633334
4.661416766659215
6.846327757534126
7.755185154250144
4.256631494069218
2.6508996829828475
5.396335820305219
4.397271251258011
6.425330265543014
7.21543863754875
6.487381356399274
0.35537838378651276
3.8547112219785364
6.499418548728553
1.8976948168883774
1.6360396569748343
0.28464337865367995
4.406111308276877
9.148802390377373
3.946625171055935
3.512906004633283
8.580366971015339
5.717424084036596
4.185261553236576
3.2101065907090427
5.353718699072674
4.961199549167091
0.2777532443415778
0.8061344280022151
5.292740542487978
3.619418865930398
7.546799698029281
5.706106662125538
10.735819820178806
7.299733733612123
2.882281302307133
5.5550199914562945
7.137684510203179
2.6683543746588776
7.383928308793424
6.474319169608155
5.966753259035228
7.854357312665931
3.652260450056877
8.091780834364403
6.38635031686944
5.923757685834882
7.801587828202898
1.8165948284072937
4.559344787357157
3.9674868551324787
2.5928217226456867
5.867056637387865
5.28009973102586
7.723454655690659
9.282158944510023
5.891218825891013
3.1873529563963663
5.895298725893552
4.130529716187758
5.655453668695133
1.3071894998693327
3.2134695172369785
8.207909826300654
5.388365522289066
3.481210451545701
2.999527534504056
4.032041986390256
5.316449657028127
4.278162320129011
5.077553640165384
6.899776276107751
6.352962019314734
10.576630839076206
7.655940553686193
8.260943935688612
2.2670487616691513
5.976242050698378
9.040762812916835
2.78613438940619
8.09129600147686
7.342897713031279
3.993523908839776
2.2391183020153838
5.577731864745231
6.167064635588618
12.168848013084716
10.433602711032847
8.134640196804687
5.486390751044306
4.387734916581202
3.097921436972666
1.840715504447156
4.219476217920745
2.6487904248559206
9.043625704967127
1.5852151313958127
3.7945276806532746
3.164646442802498
4.989870485255561
4.091065851612009
4.3869497140262865
9.068882932914024
6.483410494033078
6.280276374961612
0.9730818515911741
3.6166407683439115
8.719384772517836
4.410105656056652
8.427856052102028
6.462841864320843
3.6965780688987504
6.0481685720213605
2.928533025861998
0.12503917753441574
1.6868006409935181
5.7861967858778325
5.179438116898703
1.7677494984631954
7.030911931621259
2.968719454877566
4.538161225916621
5.034776803501787
6.874252718072372
4.472097779077542
8.512983375507998
6.85399197576798
2.4635821367135455
2.1301896825061983
8.06828132811388
1.3215770952233856
8.505637070168168
