3.402325017052103
2.3401887348943298
7.272290439126525
5.057853139126656
6.182597802509206
5.0126314693972285
5.176769177933688
5.94171086207444
3.86460405789407
5.56346279702761
5.596639670553132
6.399838073049924
9.107647031515153
5.157147791566795
6.321234204364114
5.208566331078799
13.409045579847673
10.4040958009684
2.2489388971431032
7.335864288926958
4.210990383561577
4.164381307963542
4.682625267013519
6.927952144785121
5.835370982019901
4.003137388616447
8.282148304868986
1.7991663184697981
1.5058533793372249
2.6460049348703825
3.149518534092447
7.413771424818054
8.921412153813069
8.828644559530328
5.734444236611835
7.2057301272030205
5.181855137602429
5.503493812031425
6.942999145519823
4.461257860183139
2.6514372883371125
10.991440635498826
3.269670072951984
2.8151856012068066
9.090341354480895
5.396685471174481
3.4657834365570066
8.086429169850222
5.3307317608443165
4.236986498123314
3.2891760317305563
5.686545509197476
9.377798514154307
5.767988323509761
9.970204612875964
0.018207748070387275
2.9957956993953196
6.63062576319413
4.581231821561272
7.825184446898751
6.407726415889686
6.357850459101703
7.461402571439481
5.326428628427894
7.594045911756263
6.788134998379635
2.307530638405693
6.025918869206782
2.641522295373403
4.099332553897469
8.812402123567242
6.061137847122783
3.5420266148649184
0.20139466828458552
6.993299528949027
4.041690627723643
6.284260122793561
7.846074630081031
3.5775713692469395
6.644204520084777
4.115569704910022
4.316150759542092
6.864255257043979
11.0304939303719
6.115308515597259
2.0094231987578737
8.83748716628368
3.9919525037745487
6.7329159638309335
7.272332571008041
1.7966367889582964
3.1581347658705257
3.1804839198604222
1.7776801526339505
9.136382466483978
10.187292008744583
8.025043895538342
3.952133976604099
6.839346229875505
5.678124635792839
6.221211324875545
9.729781286110807
8.658419493495845
4.931154936447883
1.2600718661461898
9.45801021045629
3.719826805321897
3.5360006376641344
5.998577783733348
7.151658391223027
4.743254598426336
8.136261948106808
5.908665001652595
8.393545992952756
8.490376747885243
6.588772820326792
3.2285899688894766
2.822708154521973
4.097187316577348
1.5492134993288418
6.918015438954873
4.474643292278432
3.3226221734266557
3.632607246076918
3.8990129195044467
1.6804745423635823
2.0588569828800436
8.980998179133074
4.406557683085476
5.1120341523699295
5.8711952183333525
3.8172820766393105
5.556037530939162
7.110108111802764
3.0465818397380455
4.148768390157855
4.080133373430869
4.988790778347962
9.405707494726414
7.979602353466773
11.92557457400343
7.442453407092913
2.3312507670338127
2.259785369006935
4.375749626789835
3.4665063734300663
10.351859577973539
6.2557755632897525
1.3207916887164166
7.915656736193932
7.724779807928621
7.2547505280415425
7.671625484957801
6.003627441179165
6.258312469714443
7.089372544969083
4.695670855047581
4.330690803068153
4.3920311808502275
7.649624577601902
0.574727597875242
12.830240610545278
2.8263159595228022
9.51964320134379
2.394371649531551
2.1971107929989406
11.109648642777124
10.585556418144982
5.463632440569756
6.219389144974621
7.656752063816691
5.507949213745525
0.30998751719768336
0.5672688097082457
2.3456254505880536
5.623775167088387
6.33456845752208
4.926222159594551
5.498395171490846
7.260932303576796
7.477604207346751
6.772586462841204
2.003312158638139
5.713826408968426
6.194881392314757
3.3020720777800747
6.037608650765758
3.189834561063048
5.718137876565331
2.4646242354511734
5.303116392896725
7.373317583560507
6.182046826932297
5.827352915721177
6.392934008578868
7.73593692165766
4.044014215552632
6.488548725946371
6.649739879316218
3.332043511539703
0.7360777868072068
3.646978526605679
7.999720245130122
6.503996095983657
7.183848254249245
1.0537614878858506
4.768320785289152
9.170361678953949
6.6879900976729605
4.725278610804829
4.909429979961161
0.44515118777449025
6.754617143641164
4.209714389724968
2.662181381906347
5.507597329677779
3.112909535459111
4.161650715368517
7.152859211684785
7.817900804714904
2.5523367280019986
7.088788504959953
6.653686753820203
9.858892261256312
4.256627157496881
6.586556345821797
4.264838667096503
7.287313561881455
0.5258649394315649
5.622362495804229
2.6513151471062266
0.577198168792509
3.3626604577864505
11.399827597276236
8.270741016753213
2.637417776541119
4.76248864146826
2.17322681390469
1.342583212828226
3.216164512064178
3.397178417750742
5.399498390065054
4.4901367159666306
3.8730793740749068
6.322802020264934
0.8755078098608982
4.643237028554718
0.9213129029650853
9.24924989528313
6.550455548627493
1.1939360534861243
6.147158882248973
2.5506223139027715
4.674171984729059
3.7443748415939795
5.977799294823739
4.504007974515996
2.5305545854390554
3.998186278089694
5.015217099567829
4.996228137923306
9.661385409757575
4.26548738484385
4.977891841546485
7.347347122601398
6.312147546583535
6.855452215298933
6.956882388050008
2.6168818166479078
6.008069801274131
7.1206954778046985
3.046378865617684
0.10648724665914244
7.781950473649779
1.916292406056617
8.86898837314452
5.472133213641744
3.4708381782569635
11.232111905486894
2.737234390434392
7.077860761647072
1.1620472524036431
6.549375349229553
5.430101331854686
5.650644285224947
4.434157440265391
5.064137078458961
9.02116825390329
4.2097346918277925
4.573111746200079
0.4291169345925647
4.374183911552724
4.745934362894633
4.345219000079243
4.309257097761666
7.096039828701236
8.863285435737598
3.19792307183095
5.78823233196791
7.849421269736865
3.953013424397869
3.566001821813785
7.715640470087799
6.816146948706544
6.823542760928988
3.8714747365463875
6.885808132490444
4.6835106745773425
2.520297790389665
7.288104619516517
7.260594306594486
4.78887181932012
4.634314888006073
2.8614511224789214
0.3696117254971698
7.631316204555896
2.1734211151555143
7.308561401510915
5.255862387915187
6.974542332157958
5.092020545466956
3.5366256430543292
0.6469458467646172
5.65443905072229
5.894657560757336
3.27858495151622
9.637001403942216
3.640951205527452
5.9280336702303815
7.33942815822436
6.986614254433606
7.560317195297935
4.228055676435432
3.838383982470314
8.579962651366808
1.6842044302870676
5.032298963440398
5.539590713421859
0.6725218860163764
6.3843999937240525
9.019024867819386
5.252926835990042
5.13360571400123
7.381293762703061
3.933600429437651
4.956573688556216
8.331350598366786
3.6394774137538684
3.156261196219339
6.032928150792112
8.778846340028599
4.307529752889215
7.258823795359794
7.721375352501373
4.837720371686954
5.914104016521044
5.638428116539875
2.1907227973443484
4.759823540978473
3.985879408551951
7.175009132140133
5.7980466227567575
1.6067795339618072
0.6729161114115545
6.971635088353558
2.1902545296299105
6.098622625783962
4.82903690503232
3.629247975233265
2.053029529419981
7.609564531453911
3.3146293018622526
5.058037422410237
0.30852791918981026
6.619064840901122
3.4745797689096856
3.256545434607234
4.434557091339565
4.1167728503061936
5.507899678107099
0.31116852354428737
3.181663936307647
3.665421253036778
5.1491671794150875
8.989108424357253
2.9597157020028937
6.256082746009815
6.269988035404598
9.798303326366627
4.894676531842132
7.399527005811565
6.660674497397493
3.514753598965245
8.491559460346759
6.042238336706297
7.405576383717629
7.356443057707846
5.273922317857004
5.596367673504957
1.68825714899261
5.943425668521442
1.0301816594300512
7.468795263251738
3.858770772479313
4.09521955943452
5.621931256234539
1.4084605254124645
5.401228975199812
4.080842075489337
2.9966241288313733
3.6072923969446213
6.2815798536665595
1.597450995410231
2.9514127932202103
4.716357318349499
1.2123061460170157
2.544738264098466
4.028037281395688
4.5377726905878255
6.957482435065408
3.2346759441771242
6.969005516640118
5.056612560469204
8.667882590056518
3.3221896230146646
6.140098656238584
6.257661529413233
3.26872869321038
6.679101195371748
2.6547300290563736
1.5314744978933756
6.244826864229077
4.338038484326354
2.7687133241340645
5.3336540872901335
4.475732868768369
8.25758512282361
8.06917418510828
1.0831083326085276
6.4556694927091876
5.918834790715849
4.234927191172997
7.650352268296476
7.527757833851423
6.040595263093389
5.08590319395607
1.4195591334368718
7.061558319130377
4.792569299342065
4.745961507649822
2.188043570634473
6.298421718711403
1.2439272928053726
3.83507934367727
4.623168406482184
9.217949324398466
7.00182619738551
5.836141789063162
7.979555685774442
0.42635285580679216
6.043236705356612
6.707427829485948
5.487219446631714
2.9317529792128156
3.753699971102934
1.3288525702780505
8.928368904411762
3.8114621757602705
6.150892743615647
1.560382264497489
1.014985119091453
8.19581483794169
2.6196856530739097
7.363226471742509
4.074783557212106
2.670005920453771
2.2782940815710693
5.849884075806307
5.79642829498723
8.794375691560312
3.8926177527025105
7.474346777270741
3.5488097384385924
11.805059123189757
1.1275172333861248
1.9252014505497717
2.514315343342528
5.693408044889037
6.377664527389947
6.672498744172133
6.7662059880282595
10.843593744832091
4.389314014877125
8.85391909661212
3.9137771416973743
7.6030791390355095
3.474476484685167
5.538689309885671
4.041888490407815
1.282126160325436
2.0349355262744426
6.250906584733336
8.63825579294038
4.000669879336015
9.246127560550448
8.304570068611824
6.748045221671477
1.7307609648753588
7.270562715943756
1.9024396753755597
4.286377653906303
2.6394498630402885
2.5966769761487134
4.55026300045451
5.964848597632071
4.7002788865893885
6.3776096053129905
3.63677896691924
5.82068311162826
4.175092820414048
9.706488442719582
5.563018545137957
7.059373698534916
3.8225762177450298
4.993207882415387
9.260750802715307
6.699270542056993
8.446349111945095
6.52026819967426
3.3134958566944803
0.08711015280568635
8.469579082778857
8.760604332046617
5.549410014598555
3.5720996395490032
4.079418219801291
8.820640132826089
5.910382424152323
9.97482767561874
4.366479910695928
7.424359120278831
4.034057228352016
0.1718072148758818
4.028140985815166
7.255307112881221
8.589640006307885
5.087956189388219
5.204639362705068
7.801542103002109
5.21228817354136
5.641634910585751
4.488595574818211
1.4304967286952315
5.247345426718094
3.606233116726027
1.2455360740845052
5.0080022370525885
1.4427864187834287
7.811298958120988
5.354288740058774
0.34226000952508695
3.654243553575436
8.395070860452668
5.248195080105301
8.603716801452144
6.226083462402924
6.160809475713506
2.020842026628815
2.99340396023239
3.638937653441662
6.363030234035435
7.590364225161171
5.033225538187973
4.877145451445405
9.183604240687174
5.520299515830905
7.008408135806931
4.192901386933415
7.0834307053851635
4.879434267609302
8.084859162275482
6.953629840639538
3.732528026546527
4.080011129466676
7.459862731550379
3.804714043187824
11.95470806955132
2.192918756434657
12.581771047546539
7.096639015467147
4.004776521048216
4.066825081132085
10.925122405686356
5.00420501882497
6.321523560890877
6.3235688736563995
11.866661062876876
3.5118420677696616
6.424492151803299
7.8726324477018395
3.8214907957767066
5.898603691786051
6.424185947540858
6.485781246780782
0.1842662615238897
9.694931075193082
8.691662766062699
8.41514169231979
2.8876509658982026
8.520092756277533
3.589106312291733
8.560930560568455
4.714568394186007
6.568636919046735
7.202017854208569
7.211925756990323
7.955298141165665
2.9203566668064336
7.7140420170741155
2.151398318102629
4.942730868359853
3.5028574761588662
6.674175250241774
4.820202055860396
4.88299873322512
4.023780954766461
0.6909473874340746
6.633918445403241
1.1295750505410846
6.911088988485476
9.251945344472288
5.20851430410041
4.928161381491859
4.385581890374433
9.348346700623033
5.812597643104787
4.610282460431912
2.0028356977302417
5.7341684766472705
2.6716579945361048
5.426175671833533
7.662702974599711
12.971148350331582
4.754362072696148
3.652163124534736
9.145182081200378
1.2482315206770727
5.833769743922136
5.030735017685949
3.9636190983151387
4.495514395447307
1.8058566385971195
0.7019216895393372
7.344847588669339
6.1864638558350435
5.827881420690533
4.3791725869892515
4.9032696830358065
1.3998590686458128
4.481369422552725
2.9398213434202596
3.335411193426861
1.6152968747007312
3.3906621888604613
6.861014487545701
8.313443112936179
6.601878571488261
7.38446431983035
3.3822614173084604
3.1156043116165995
3.078558001535054
5.75010791430903
3.9348367731747995
7.247621577739755
5.422578578990614
10.237320213696897
1.5321416293318597
3.3995068101690222
3.505824026619478
4.201812377392994
4.307896391800394
5.903315709992978
7.190042262134201
4.919782545352875
2.6462968106001945
4.344208089566115
5.8661030116652
6.461931153614082
1.6341812736912744
9.584030306221495
9.639195465104887
0.8489784273776335
3.245120062372849
3.714040502541568
1.1958362546895454
8.293397934418337
3.116112242563923
1.990515683951568
3.9749398727803893
4.733516162684613
5.219422082110089
5.48825452999449
5.106525483526607
7.859422437794205
2.6155515232940956
5.510927418210284
1.0630545715036006
7.88521345956444
2.8473992130826846
9.041292612634944
7.596471282594417
5.166996929807043
3.3159884096595214
2.522217797226749
6.009741711816318
12.889097711548354
4.57263434907356
4.55738568089176
8.536519219323804
8.412332090851951
9.263454234515518
3.140092247566999
7.204482107150588
0.6440981209464258
1.2815636861466935
4.175609999711792
8.149381590354743
8.738225889109541
5.313548013108167
7.04818215286457
4.4819736331738635
9.408203239189094
9.716495443690807
5.927852129000169
5.773636349796852
6.323692300891229
4.30798780545031
4.521821316348673
1.8206574341833228
4.029552778615275
1.8289597859595261
7.742183635505039
3.7952313072061257
1.233586629040707
10.339520787175472
6.681452807533353
1.15135947826003
6.296326095284775
5.490019571358105
0.6543381831794148
1.9565788093097685
3.0373411592191855
3.186505505620958
0.7417345441587342
2.1461864414136502
8.945520216496622
4.398982209442914
6.015581603380969
3.45508520189192
4.917205467332011
5.950141801572273
6.543989572426829
4.29097624043182
9.677826594544745
5.9816436811946
3.754862983503693
3.695856880053878
3.6818722511383637
9.414713150336485
6.561720236431983
3.8443544157611806
7.680345289130955
1.723893262102362
0.9100378599345964
6.477859214321364
6.4015712377664915
4.660701834083843
4.7462181997576
9.685651623147502
5.0802948356237865
9.747184451133442
1.3244138859150447
2.5053440349367024
6.8357944155501595
10.51062775538349
5.950928881951616
8.597556740728294
5.164167064567235
3.3599615957716464
14.475942094354433
2.4946488759794563
3.1842069529160515
5.372561689138836
3.925709330283219
7.629945784369282
8.478056063876833
8.165040995011225
3.123307611064144
5.378241904176135
7.79623710063795
5.2114760849242945
6.554482600875866
7.899230507650355
8.078690692626335
8.849203207933485
3.8581714841249104
6.801008170667908
1.7561316520007284
9.016736395533197
8.803664918624676
8.186948769230574
3.8560169865907215
4.794115630518751
5.765051443777969
4.348497592728343
5.423084071096066
5.910620409372121
3.7300336709752377
7.758713604723187
4.851503733424904
6.72665637367189
6.143816961632919
3.360810360920622
6.163772832704642
3.0898483601545172
8.233208931982515
4.031480484760099
1.2867379008887236
9.831726298207613
6.353412509127205
7.0524817288435155
3.670993955589057
2.3262395138511063
11.24843397732978
6.762984860168021
10.387890091498829
5.14092991089986
4.676567861794855
6.061080040238775
3.9512551887579
7.9403208169310595
2.9899656229462996
2.053145338559543
2.6065119431377854
4.67054826237877
2.3260864451986074
3.6402979521298064
1.3980696367657197
6.338940402765371
2.019474826038759
2.647071530761117
7.397493418654424
9.005139187670501
4.962952956841144
6.379800898630777
4.663811973485446
9.947096913065316
2.4456700230526094
6.110070029682654
5.9096436828138845
4.29830830399805
0.44192532972899823
8.869170743709095
7.011316189793148
1.4783422622747073
8.298146627980447
1.4843335496272316
6.104300267802095
5.126041791774097
11.949108277525678
6.941727344192436
2.546182966683251
4.915319554025429
4.3162094609408275
4.516950124105208
6.383501977497663
3.290183412167286
5.271129572902691
5.942858973995515
7.6367201863282475
8.410906382028768
8.698158709873212
0.21209806497501038
3.777927227397056
6.38060322032125
0.5827064692547141
8.439157812960385
8.190933559957113
5.996619105508934
1.2919220462878669
4.9373615828448365
7.450160668690206
8.13436164942329
7.0849711646434645
0.9695951690004989
0.6909484384183289
6.82520456040839
4.659233076648766
6.017036938866003
11.108108220702732
5.262590741369916
5.2634581127075
2.383893501396624
4.478722995329403
7.278371657934631
5.793357471860592
4.9104518290365835
6.47672078774697
0.8251044873464037
6.792200681498304
4.270064860049749
8.128258926755581
4.467250148270646
2.9064222191626876
6.493531203477781
8.652121313363267
2.5535699868381445
4.912149622567151
2.863911406130177
7.576021263160239
2.281749688338128
5.94112020949813
4.853979675371195
4.665332723889695
2.755170124445723
5.448438151625182
1.4356094987148502
9.174776288546987
5.112911078739353
6.614111966820817
0.649250776316002
6.616648821605224
2.6232379895855438
2.6765488705289355
4.807098804354422
1.776559722484782
4.702126111788542
9.074069167196729
2.2272075521601784
4.438744403127026
4.251589961307049
3.401487430323261
4.984119038026353
9.418150981242537
5.150443655637438
7.710722887289346
5.730621734855748
9.032866016548947
4.26795349383081
3.208059523195306
0.16975856585726756
6.538968190217895
5.001995089778985
6.155952209845886
3.494288081787486
3.99394261105045
7.115654100510104
5.996109833159717
3.858537094012063
2.1862757818392793
4.061735712603067
10.073983327657881
2.950652373209084
6.5755145340662295
2.8782994020275616
1.978110489605883
2.56161853520553
0.9773632047426775
6.896632669907517
7.618530855666542
9.578489428177388
7.684120912856505
7.401183683864165
4.550922200858134
1.9119208703471933
7.370712492657398
5.447378017849184
8.365522392074007
6.127313224415653
2.9653249544939886
3.6573410410518807
6.0805829434801115
11.620694430396872
4.121174761175264
3.7766513149525487
3.9922605508794518
2.3227059281997566
5.096480819795713
2.112332427898846
11.80973284160683
7.404073354277559
6.578342324106298
5.627675879487595
3.413981432190503
3.249158587843224
2.113993612783898
2.539130265246145
5.611408857975421
0.9387793338401851
12.780279936331636
