Time period 1
Volume	Supply	Demand	Supply linear	Demand linear
0.00	19.20
71.00	19.20		19.20
0.00		95.70
1.00		95.70		95.70
71.00	23.10
190.00	23.10		23.10
1.00		68.30
22.00		68.30		68.30
190.00	26.60
228.00	26.60		26.60
22.00		60.70
244.00		60.70		60.70
228.00	30.50
241.00	30.50		30.50
244.00		54.40
247.00		54.40		54.40
241.00	33.80
317.00	33.80		33.80
247.00		52.10
268.00		52.10		52.10
317.00	34.60
378.00	34.60		34.60
268.00		51.60
447.00		51.60		51.60
378.00	36.80
479.00	36.80		36.80
447.00		50.20
460.00		50.20		50.20
479.00	37.90
682.00	37.90		37.90
460.00		48.80
462.00		48.80		48.80
682.00	40.60
820.00	40.60		40.60
462.00		48.20
576.00		48.20		48.20
820.00	42.00
918.00	42.00		42.00
576.00		48.10
594.00		48.10		48.10
918.00	47.60
1296.00	47.60		47.60
594.00		45.60
841.00		45.60		45.60
1296.00	52.70
1304.00	52.70		52.70
841.00		44.10
842.00		44.10		44.10
1304.00	56.30
1360.00	56.30		56.30
842.00		42.80
873.00		42.80		42.80
1360.00	59.40
1368.00	59.40		59.40
873.00		35.60
1138.00		35.60		35.60
1368.00	60.50
1403.00	60.50		60.50
1138.00		35.60
1211.00		35.60		35.60
1403.00	62.80
1457.00	62.80		62.80
1211.00		34.00
1213.00		34.00		34.00
1457.00	65.30
1521.00	65.30		65.30
1213.00		31.40
1327.00		31.40		31.40
1521.00	66.60
1547.00	66.60		66.60
1327.00		26.00
1329.00		26.00		26.00
1547.00	67.60
1580.00	67.60		67.60
1329.00		20.40
1657.00		20.40		20.40
1580.00	71.00
1679.00	71.00		71.00
1657.00		19.40
1677.00		19.40		19.40

Time period 2
Volume	Supply	Demand	Supply linear	Demand linear
0.00	19.20
24.00	19.20		19.20
0.00		82.30
1.00		82.30		82.30
24.00	25.70
30.00	25.70		25.70
1.00		71.80
816.00		71.80		71.80
30.00	28.20
908.00	28.20		28.20
816.00		70.10
1065.00		70.10		70.10
908.00	30.40
972.00	30.40		30.40
1065.00		69.40
1255.00		69.40		69.40
972.00	32.60
1011.00	32.60		32.60
1255.00		54.30
1276.00		54.30		54.30
1011.00	34.90
1023.00	34.90		34.90
1276.00		53.20
1298.00		53.20		53.20
1023.00	44.90
1145.00	44.90		44.90
1298.00		49.50
1420.00		49.50		49.50
1145.00	50.30
1151.00	50.30		50.30
1420.00		48.60
1446.00		48.60		48.60
1151.00	52.30
1159.00	52.30		52.30
1446.00		48.10
1479.00		48.10		48.10
1159.00	53.40
1229.00	53.40		53.40
1479.00		47.00
1490.00		47.00		47.00
1229.00	54.80
1308.00	54.80		54.80
1490.00		46.50
1624.00		46.50		46.50
1308.00	55.60
1317.00	55.60		55.60
1624.00		46.40
1698.00		46.40		46.40
1317.00	58.00
1472.00	58.00		58.00
1698.00		43.90
1735.00		43.90		43.90
1472.00	59.20
1502.00	59.20		59.20
1735.00		42.30
1753.00		42.30		42.30
1502.00	60.60
1659.00	60.60		60.60
1753.00		39.50
1904.00		39.50		39.50
1659.00	61.30
1722.00	61.30		61.30
1904.00		37.20
2069.00		37.20		37.20
1722.00	63.30
1728.00	63.30		63.30
2069.00		34.60
2183.00		34.60		34.60
1728.00	64.10
1830.00	64.10		64.10
2183.00		31.40
2186.00		31.40		31.40
1830.00	64.40
2095.00	64.40		64.40
2186.00		22.40
2202.00		22.40		22.40
2095.00	68.90
2158.00	68.90		68.90
2202.00		19.60
2232.00		19.60		19.60

Time period 3
Volume	Supply	Demand	Supply linear	Demand linear
0.00	19.20
12.00	19.20		19.20
0.00		102.30
846.00		102.30		102.30
12.00	24.70
73.00	24.70		24.70
846.00		82.60
1095.00		82.60		82.60
73.00	31.70
110.00	31.70		31.70
1095.00		75.50
1096.00		75.50		75.50
110.00	32.60
133.00	32.60		32.60
1096.00		66.40
1268.00		66.40		66.40
133.00	34.20
140.00	34.20		34.20
1268.00		53.50
1271.00		53.50		53.50
140.00	38.50
174.00	38.50		38.50
1271.00		51.80
1341.00		51.80		51.80
174.00	44.80
242.00	44.80		44.80
1341.00		50.80
1716.00		50.80		50.80
242.00	46.20
251.00	46.20		46.20
1716.00		49.90
1748.00		49.90		49.90
251.00	46.90
1071.00	46.90		46.90
1748.00		46.10
1764.00		46.10		46.10
1071.00	51.50
1082.00	51.50		51.50
1764.00		44.20
1784.00		44.20		44.20
1082.00	54.80
1191.00	54.80		54.80
1784.00		42.30
1801.00		42.30		42.30
1191.00	56.00
1203.00	56.00		56.00
1801.00		41.00
1917.00		41.00		41.00
1203.00	57.20
1324.00	57.20		57.20
1917.00		40.30
2045.00		40.30		40.30
1324.00	58.30
1387.00	58.30		58.30
2045.00		39.70
2196.00		39.70		39.70
1387.00	59.80
1549.00	59.80		59.80
2196.00		37.60
2312.00		37.60		37.60
1549.00	60.80
1624.00	60.80		60.80
2312.00		36.50
2335.00		36.50		36.50
1624.00	63.60
1830.00	63.60		63.60
2335.00		34.80
2347.00		34.80		34.80
1830.00	66.30
1893.00	66.30		66.30
2347.00		30.10
2511.00		30.10		30.10
1893.00	67.50
1966.00	67.50		67.50
2511.00		20.50
2647.00		20.50		20.50
1966.00	70.40
1975.00	70.40		70.40
2647.00		19.50
2679.00		19.50		19.50

Time period 4
Volume	Supply	Demand	Supply linear	Demand linear
0.00	19.20
61.00	19.20		19.20
0.00		86.60
873.00		86.60		86.60
61.00	25.20
70.00	25.20		25.20
873.00		85.30
874.00		85.30		85.30
70.00	27.80
137.00	27.80		27.80
874.00		79.10
1086.00		79.10		79.10
137.00	29.50
174.00	29.50		29.50
1086.00		72.10
1258.00		72.10		72.10
174.00	31.40
285.00	31.40		31.40
1258.00		55.60
1292.00		55.60		55.60
285.00	35.50
350.00	35.50		35.50
1292.00		53.20
1295.00		53.20		53.20
350.00	36.60
580.00	36.60		36.60
1295.00		46.70
1328.00		46.70		46.70
580.00	40.40
698.00	40.40		40.40
1328.00		46.10
1341.00		46.10		46.10
698.00	41.50
880.00	41.50		41.50
1341.00		45.50
1411.00		45.50		45.50
880.00	48.80
916.00	48.80		48.80
1411.00		45.00
1443.00		45.00		45.00
916.00	51.00
986.00	51.00		51.00
1443.00		44.00
1476.00		44.00		44.00
986.00	52.20
1050.00	52.20		52.20
1476.00		42.70
1596.00		42.70		42.70
1050.00	52.80
1159.00	52.80		52.80
1596.00		41.20
1607.00		41.20		41.20
1159.00	53.20
1168.00	53.20		53.20
1607.00		39.40
1739.00		39.40		39.40
1168.00	57.00
1197.00	57.00		57.00
1739.00		35.10
1971.00		35.10		35.10
1197.00	59.20
1295.00	59.20		59.20
1971.00		30.30
2133.00		30.30		30.30
1295.00	60.30
1361.00	60.30		60.30
2133.00		29.00
2153.00		29.00		29.00
1361.00	61.20
1369.00	61.20		61.20
2153.00		21.50
2177.00		21.50		21.50
1369.00	64.20
1382.00	64.20		64.20
2177.00		20.60
2339.00		20.60		20.60
1382.00	68.60
1831.00	68.60		68.60
2339.00		19.40
2356.00		19.40		19.40

Time period 5
Volume	Supply	Demand	Supply linear	Demand linear
0.00	19.20
38.00	19.20		19.20
0.00		94.80
821.00		94.80		94.80
38.00	20.10
76.00	20.10		20.10
821.00		77.90
822.00		77.90		77.90
76.00	23.50
228.00	23.50		23.50
822.00		72.40
1167.00		72.40		72.40
228.00	25.70
263.00	25.70		25.70
1167.00		63.60
1355.00		63.60		63.60
263.00	27.80
329.00	27.80		27.80
1355.00		61.60
1598.00		61.60		61.60
329.00	30.90
377.00	30.90		30.90
1598.00		53.10
1626.00		53.10		53.10
377.00	35.20
476.00	35.20		35.20
1626.00		51.30
1638.00		51.30		51.30
476.00	41.40
573.00	41.40		41.40
1638.00		50.20
1657.00		50.20		50.20
573.00	50.80
600.00	50.80		50.80
1657.00		49.10
1685.00		49.10		49.10
600.00	52.10
759.00	52.10		52.10
1685.00		46.80
1866.00		46.80		46.80
759.00	54.00
793.00	54.00		54.00
1866.00		45.20
1898.00		45.20		45.20
793.00	55.60
1467.00	55.60		55.60
1898.00		44.40
1929.00		44.40		44.40
1467.00	56.60
1518.00	56.60		56.60
1929.00		41.50
2133.00		41.50		41.50
1518.00	58.80
1596.00	58.80		58.80
2133.00		39.90
2300.00		39.90		39.90
1596.00	60.80
1624.00	60.80		60.80
2300.00		39.30
2368.00		39.30		39.30
1624.00	64.20
1690.00	64.20		64.20
2368.00		31.00
2408.00		31.00		31.00
1690.00	67.90
1830.00	67.90		67.90
2408.00		30.80
2650.00		30.80		30.80
1830.00	70.80
1982.00	70.80		70.80
2650.00		26.60
2653.00		26.60		26.60
1982.00	77.80
2022.00	77.80		77.80
2653.00		23.20
2670.00		23.20		23.20
2022.00	78.60
2063.00	78.60		78.60
2670.00		19.40
2790.00		19.40		19.40

