4.673240360842714
4.757544852109205
6.1314327620623725
3.7310590645948922
0.3346331115255574
1.4285087518708917
1.4465977910033037
1.2200462382067396
6.989742537024851
4.674214133656297
5.748113025061437
5.425059342412672
2.9184578356857673
2.233125358048781
2.3626671804699426
6.131028323573039
1.6190280426779653
1.531764771073916
5.412377938692837
5.6178819851386175
0.005585210355030679
1.2539436933838177
7.87630305128193
5.552872377365151
3.2912045017560763
6.54802041526832
6.195916937305359
6.143888833188137
2.5912544832804736
2.522408881596849
1.5186182276775013
2.8215309955627195
0.8100378801183443
3.0450533645650997
1.4163920203336136
0.48164435098442127
1.0015812119727714
6.165355768517113
3.874640145149497
4.35894726028694
4.587261449108702
6.3949322537417554
2.6809030204434112
7.871690799305932
0.6564744908764077
7.83703231419905
6.637177721954208
4.836768996211039
1.7408421675090773
4.782449490388086
6.509597196327397
8.706025554665965
4.040813913025627
6.665275556937904
3.645589045910816
3.5306266341180708
2.894080795450669
3.556461410224378
7.491703910376644
1.0507086923799094
5.176298092240808
5.665058979955866
5.4146522083683095
4.028800058108481
3.4812199422111036
3.8719327340745737
6.238137359611956
7.452569825526482
6.398801895807585
4.949990407757792
6.164580151668213
4.872437615538702
0.15745182856723838
1.6360228585588819
1.7237948205827638
1.6973021053872788
3.6508278624636135
2.935281721927741
6.694612670088121
4.085075161166921
6.238145975197458
1.8752863134023026
2.332488180715038
2.6053502204326167
5.507916657378254
5.653392055149654
3.9051006479596753
8.013281267056055
0.7896299854411124
0.7682105237966401
0.9628322640668756
3.516692545915515
6.437651146595414
3.5799095433283883
1.8891050772508777
2.8500493505160613
3.3170517477943924
7.584251706517785
0.18179311806641563
1.3941905387550488
3.4869041801725476
3.0208648443763706
2.8530227677408204
4.0388360784718165
3.675654313268387
3.1449529931515072
2.872386246684476
1.429912889916828
4.1350750528180225
2.711154387535975
1.598626784692242
2.6772708044614273
6.4437411557612325
4.0503296673745055
3.0462248960751483
2.4153589983966275
0.6107490537225622
2.3632142515771877
4.695214072465371
1.6430811269125674
1.022625844978722
5.883265472734287
4.319048519870087
2.9793470752608364
9.16769205523411
4.958102461973498
1.7510582863679367
0.199203957015206
4.618876296498257
2.6650933304345608
1.4392797906643398
7.836871322113247
0.758134918765649
4.754521730511082
3.635268856750497
6.604518858649766
4.748732431743205
3.6357758918039074
3.364780026912366
4.969697826368901
1.3328359837256911
1.978312031928202
1.1446612144397224
5.476641438202849
4.2340628014405635
2.3775147796364924
6.849114430977551
4.428794538561601
5.665174865157075
7.985804790900654
4.86874647242493
0.8242183855130749
2.832856886704615
1.9171980505398454
2.345670632011324
3.6316392537039666
4.345614467457441
6.804981355204011
6.267622316117809
9.709545295497943
6.12231447239224
3.0634416399247075
6.1966012846012
8.028853083606723
7.236397161440885
0.2889716591434719
4.544123539261568
6.225050135709582
1.4845873774951655
7.111671169281165
4.119058668886321
6.275826246737873
3.8708957000676163
3.8243597684258934
3.253896347754827
4.36347053042164
3.639361053312173
9.32365226290625
0.7664025318793732
3.965272843975016
5.337022095392467
5.849810130650042
1.3997075625773239
4.208101622966606
2.0716718130857172
6.843490405499487
8.18160529072016
3.1574690955532256
3.3504597295068104
3.926693657867437
6.51800456139541
2.789547117172309
5.021939079021574
1.7660955809124463
6.847100524969622
5.188632955701124
2.4858466720530314
4.993590029377622
5.71039946510997
3.8759974772460697
5.434630727948125
0.2967972736538087
5.955687149406053
7.488789208062326
2.9030114373902283
1.4658204497467646
4.038317849349528
1.4247251747353733
3.6477410147181315
7.532778845640707
1.5271379731703787
1.6742811913969324
1.5647516951877583
7.167783734828788
7.119474412822594
3.96579015324617
2.2640835514403004
3.945354263130741
5.355133144066635
4.660772068802598
4.4063525452774766
0.37250166470166635
2.6589428086145834
0.5450652284234723
8.282725778509677
3.374145415873969
5.395607503519102
5.710613059925262
2.224992815288853
5.279921113594201
2.7324892336272524
5.724930847217291
2.4489834793290695
7.610597537893413
4.924823230594153
2.50693966711255
1.015128875959118
6.723824912645221
3.1010403510407913
5.208777597918145
0.07281197704050557
3.024184150084406
0.6039435350251807
0.6043769660574867
6.2148797412334265
8.447968823378044
2.7341082448038048
3.741039489455817
4.1667224197046995
3.3486814646951544
3.190319845641646
1.3269926609646086
1.0776606823033068
2.57804493246877
2.1654616157103153
1.2723474778907262
2.8141715456193865
2.081299422654965
3.2845108384839157
2.4682663058575987
0.4844111319063913
1.1771731475419924
1.3956902661110244
8.660065244486326
2.612174250226504
5.324668642966376
5.054790395312369
2.370321321534565
3.242612737730422
4.482359913684967
1.8383346830717562
0.38009511734630586
3.7890758358904257
0.9842782817467666
0.18810339387875663
4.541219966964639
1.889234155214615
0.7796048994653706
3.4844118055600317
6.687639746818855
4.224896792732439
8.77019153496198
9.250326705531169
3.002159171761478
4.094262950464273
5.489524745684159
5.639931185960634
4.446443153319697
2.1763235298665142
0.20169351310556705
3.3667771584300077
7.907499297921337
1.5969216877192567
5.987834703574267
6.6422877401295555
5.5111048662170266
5.848271403948768
4.996430456881397
0.8266084187556317
7.52472501793054
1.8457876674262275
1.635805084625032
3.07643702448609
3.546197176315743
5.697803291153624
6.077556796499474
4.596999077854478
2.5437288507965503
5.061413893570119
4.927186379778633
1.098483514965893
4.681484470128685
6.488352594786968
6.023140827938599
3.4799910489606223
4.31061363704273
4.931875614906276
0.7203119985026145
2.682563988283919
0.2579091925006196
4.215246751789658
5.16765473321752
2.0360740060114404
5.480966580220386
4.163350122199838
2.0593730042653977
4.8356545877725905
6.072670883802576
4.635835680664518
4.2989467226545175
3.0327479611594694
6.39481441130458
3.302452523735202
0.5870640094373702
1.5913207195302503
0.9430960078782151
3.170713146764868
1.9514549034316295
1.320309028808701
5.462129909652705
2.6827813469468142
5.882861821502169
5.072283528325517
0.532718813407393
6.211807431426507
6.581956966442743
3.3538379479028486
3.095599955737379
0.059151797580455856
1.4921865780116914
1.0045245606900781
5.74439715526041
2.1851428827595862
3.864044253153255
3.7543409495117785
6.809254491653672
1.2069455288472049
2.7540272233910383
2.7435926735933753
3.3305146576020164
6.183432025926519
4.7955291933620305
7.256385537529935
5.784507368245491
0.2202294691608584
1.6368247359755403
1.483207907170549
5.480035359624617
4.6045654467451
3.3812865038984823
2.5525088695206763
1.5978663029690818
7.61940273568786
3.6833176950694955
1.333884762465997
0.5837882181478204
6.1002116121357
0.940352062999418
1.5602009551353362
9.492686994424872
5.894757801150162
4.81950904554205
5.144268953346633
6.83750595220773
1.2023542607805118
9.806012672575193e-05
2.5716176455225233
2.80078640375717
4.966258782432586
5.845954707474785
1.6702437694986803
4.47706718134681
0.7244108163755225
5.5258367070031085
7.03200730212944
7.181816551988263
3.8446217069882684
4.741413705453373
3.64673458407203
1.742799806941845
1.506054199353204
0.3712376805263018
9.875153364339553
3.605917201560821
2.3105279916177857
0.01873432961864907
1.3837384093349552
4.623958562768058
2.3842087832883516
2.1441731753588993
7.56500788634354
5.210772532015524
4.533484520976792
3.136603876310266
1.5888020226909927
3.1307570351695686
5.076314018226666
2.4374168285630304
5.638426944466245
0.13920829131120183
3.649285757189975
5.863600847425378
8.626603339413588
7.234705433051953
4.8698873396460955
6.413171733953865
7.065549290220177
2.991071766000875
2.7804975030712162
7.002436803607764
5.732404340976474
4.900162951383259
0.619036349386707
5.488250116068438
3.488662140332202
0.9815844256903654
3.982758973022618
1.7163866177828504
0.8058915223921064
5.588617819600613
6.0762492843401095
1.9953565862941047
3.56127890886044
6.964488497234482
0.09074157322623133
4.075293269148411
0.6630527804894886
4.473690213934166
3.146489407113357
0.8212487329389719
3.069191279608401
3.6952792136280603
3.754646750921744
1.2413245509469872
3.550009964142704
5.811693420349625
1.8898694072548174
2.200836272796667
3.7603731211903493
2.3004880419650178
1.2203542061959258
1.6497378365819386
7.213917888809436
6.169218089025858
6.998527115232051
2.944092629892212
2.048519632556695
4.849717674147968
4.405223071825077
6.655568057487461
3.579475258468857
3.41839275558828
6.080791847924356
0.445807404604889
0.09928686455720426
4.017080307806963
2.320375624305208
5.233925710324883
1.5923841173872542
1.969669781961687
0.03318420639510178
9.66471432570529
4.079661741398723
4.553903137711881
3.2911926031219996
1.5377921163013837
4.986716637515146
0.8266433321631919
3.3364236720653
5.755999892589644
9.137436516110466
5.114414629216837
0.8051343767268473
3.1936500657558735
0.9642500280976876
7.040657760125589
3.0602481422279384
2.026642779377652
7.860715678058743
0.42349474618747296
3.850381773260554
6.559713402995711
7.4693894045796565
3.8086750524268043
3.2298523932267966
1.8863613253817675
7.265938728781421
1.6961539566022739
0.6658205855649992
3.543792715788124
2.500713283800203
3.545890157242375
6.706129400920521
0.8970793018793715
3.122467824131377
1.7857472367731038
5.232301532409389
2.526830754967391
2.869173950069372
1.4443140293841938
5.831452786827332
6.593967483842047
3.5126240671559277
2.236154098866857
5.106758208550251
0.5994454327173973
2.1912570499452366
0.2405251398124464
2.5133162408434675
1.1776417886078268
1.40033325667461
3.7244996362922023
3.8742833995994337
2.905567274547124
1.528208454372092
0.22395401886312394
2.8660293386450806
5.847224299615361
11.216435529202112
2.04571419865081
7.303153577957036
9.099241639274702
2.6929572765732224
1.820489837089331
4.094902450983141
2.712006189757248
1.7116415459732026
0.2973335195187867
6.965027403619452
3.863501165409707
5.925408803570634
3.592110741899602
4.13217990379258
4.75895150672056
1.8260767241135893
2.061784689480705
6.341999505041432
6.048036049300755
1.678103374393233
1.4096972841084476
1.9194640654349204
3.6250719688620014
0.07018912934233335
3.408308607323823
0.1979229884937772
0.43232568218768064
0.9633786426058486
2.1972275867023305
3.5088879197938616
6.26026572065922
1.6873946052184174
3.948496176749315
3.5844456130574613
3.6439856883673465
1.8219554816316625
3.448466522273157
1.324524612682763
1.9655987308817342
4.2492387440348125
2.1966804326452656
2.519562569508624
4.435557791079076
9.705728119226277
2.3374697073377058
2.1186994607198573
2.7059990093934663
7.163560770520014
4.932345215915772
0.9931775271032426
4.5535638932514
6.488062665891607
5.454688678000922
5.08769853138736
0.3626842323311501
2.272673635370144
1.533078288252273
4.748497469923865
1.58186184147014
11.339410191297025
3.9195875876766997
7.758939228377602
0.2756734569922106
1.206636763642073
2.2991659655520547
7.062403981214549
4.839429218368719
4.565351706524691
2.499817299830557
1.450348978005318
3.093490896387323
4.649972816653767
3.3933468443372954
4.4506522792246574
6.411421218347902
4.161827545686558
0.3283649490714833
0.07222764478105459
1.6256388294217516
1.4840640609871723
1.9506200223671006
3.850514526321952
0.17813848788030784
1.6734581558138428
0.9652972603997578
1.4496923164132283
5.610753045635105
1.0394386668847717
7.618906917060723
1.2265910018664583
9.045345730348846
7.7466490505498955
6.066081153666068
2.1967729442266366
1.5654218864203224
8.832904127501063
4.724255030373934
0.9819913037045107
4.102776962198298
2.0196208520360313
2.2631183204903556
3.1423060804914646
6.2024151115823845
5.061414013498285
3.2608812504647164
6.648325456801915
3.948053204709854
0.04716580354316946
2.8259902976590823
2.333603430825593
3.3830502452592235
1.0136714137570257
2.596263478470961
3.9807532765203666
6.511565141363684
3.0656085777960924
5.361852626971803
4.36350380519239
3.7359148818030103
3.080051634760999
0.8131064104223138
0.4250166814544718
0.8247083111778344
8.542580392433557
6.180592943856425
3.422246019467352
2.03257949010637
3.864535957342118
4.561228182049074
5.648855454631798
7.99778187634615
3.874485816658083
4.062155510106255
0.9433210179533011
8.129435328197761
0.3142114000830487
0.5064476173455601
4.947279196269487
5.8513446215311085
1.3543947014666473
2.897779645286831
8.36083699929874
3.610057441897533
7.214720393350119
9.332626456091095
8.389993578485555
5.798736036371547
3.341538631667411
5.274091114051446
6.301722736062771
1.69370037792971
5.873428096549668
5.425747932229079
6.938364137244296
8.036749335140254
0.6576435549188999
0.42391131284659167
7.092281205396063
2.2980402626641414
0.19504770109416025
3.0193081258814165
5.37103383178982
1.4875092854417895
1.577229182536036
1.0649402520742033
5.4602277105261265
1.6051785241635945
3.4436302821532943
5.750981844229692
3.9308130015213405
4.500773926922523
3.418115748366013
6.464747382515154
3.863653129735013
1.439393941192174
4.62021760093411
3.590617139095505
1.3802622632157366
6.07657342316392
7.524045330669796
1.5772618868513437
4.395797682230022
6.433338446380531
0.7461938041521305
1.7371607719495603
1.2841086458702977
5.911886669190813
5.41814796421456
2.13029030685983
7.480694866008997
3.6375068173519263
6.24792495387716
3.0255124951109127
1.8591921496040946
3.631242919219913
4.511735134803002
3.5915025850513267
2.8399724752554762
9.641460740134434
1.1464478555144113
2.4847826707511653
1.6992836908646185
3.429999508719224
1.2955263946502462
6.242811822455918
2.039434550030639
3.9518935336295327
5.779839043192627
3.889833773475999
1.4871043462018745
0.32569588178212827
7.958575608338327
5.239428369660521
1.3530425376754214
6.289316577966003
8.362307900487007
9.691772928242617
2.3705757289065126
0.1352596664141612
4.648028485754754
6.146223914252234
2.5135644260469463
3.1362360096656703
4.135037277632976
0.7401408992151866
4.956155480344245
1.9322644636558757
2.7215542616167165
0.07444160646711939
2.650312338000467
1.610317967351867
2.922044145735482
1.0815011383275528
2.8207994991071335
5.9592204670549975
3.7408698968975287
1.9543372111169566
0.6964811202286869
1.7110353017776292
4.351580801779381
1.5219748471556445
2.6308278789801314
3.503069902873223
0.38360294107530724
0.6920504646504497
4.901353206569022
0.7546834319228926
1.096051400433678
5.296698434375333
3.2369610914808145
3.0930747153068885
7.283173073025215
3.8583228860572385
8.018187335698572
0.6994239041028041
5.229692179460045
2.8320506064196382
3.039394486354761
5.186531978897637
3.8110655660280854
4.117150776964519
4.078937186186774
1.6850595165624545
6.509818426448824
3.1587733250733927
3.9128704135033194
0.533007609337476
3.222204256749168
1.8628753303437142
2.227329118168323
2.156946825339853
3.7473521970306276
1.7790767343518938
3.5517892689665547
2.5805769498640085
2.6481536344575987
6.485400867845198
6.850877687706371
2.960970581292103
6.779104812899737
3.3959431324112006
5.782059418273549
4.373739498674478
4.624815193020349
2.537683003141888
5.448371079112955
2.460409750065307
5.692263052703948
3.099907201444642
8.950680653611744
4.5280121630317405
3.713963903732883
1.692068006995624
3.807044502221261
2.4842708116075003
0.7795650874634417
7.811996132879984
3.6165095146368404
5.524456412379317
0.7644820654838078
2.3797016070738914
4.964538769014851
2.8843121507145177
8.07075858009215
3.676171864566497
3.609365239144763
5.83919040881206
2.21607883753489
4.364927622064591
0.9803199111393521
2.6576745581723573
0.25577975854196566
4.132051905910396
3.142078130649806
1.1712700421884175
3.5805078206465324
7.907751044058393
1.332365586803269
3.2977690203532055
3.641154711999703
1.7943655192531471
4.6222258014619335
0.8829091088710674
2.2014640132732652
5.1450517797829
1.3354600716513294
4.658604578008264
2.3290060723053667
7.123956423931378
6.044702632884737
3.087903045307344
3.1522407839364868
6.79642928561476
0.10493947022907202
4.808027312193198
4.114058474933549
0.6210124043675371
5.286446998410387
3.1092150919310186
3.029000766892003
4.650426574319663
2.6821474952230178
3.504913404779984
0.009133144581239705
0.9924075256415219
3.8792657855749333
3.169805434407906
1.3225965614534165
2.6665953806573617
1.514526980037218
6.60087137302517
2.0554121585471106
4.224369245492508
3.5448324171593004
2.6033603900126825
4.110080235929213
1.9845291178420208
4.747054987972868
7.540951669902549
2.9471008706166844
3.4920373707897365
0.1284849690377734
3.0882925954387925
5.286026826061439
2.510850146078904
2.33235516790383
5.579765708868923
7.672330264088984
5.304431556492631
4.208019076958355
6.955511052926957
3.682082912019561
7.944899206015884
3.7936287782355844
2.2817326214563356
2.6562593100671186
3.6409745748935327
3.6272423966969884
5.07489195705678
5.469750598873742
2.6170105148892087
3.0854152287984733
0.43475962028525084
1.1937451336352654
5.102480265355259
4.4606818939504045
5.7620188071141945
2.734510193563672
8.068545315298401
4.612832580173881
2.7882268917366546
0.6706713308009533
2.4874603988050366
2.7958777860221504
6.9326800387488365
2.6216998246530467
3.151529406582879
4.789095235471801
3.942844745647462
6.246921562735762
4.099986871588945
2.4876622889163977
0.13232614077466254
3.703966351650336
8.0139712892969
5.00950749020399
4.812054788560577
0.7609744542763432
3.692132714333521
6.266808861629937
3.6783681925678193
3.592728070972361
8.888706844888656
5.819866579285651
5.83045874246012
4.040713972410388
3.4561929108676366
0.4513488954713467
4.850337293759635
0.40691264240257974
5.759233589489595
7.026395404253821
0.4079136831131094
2.242246857027136
5.832054436413117
2.1297000695705317
0.5507256850151858
5.950146527976562
0.9631909495857518
2.6258315876697345
5.283134706174945
3.4729157122494723
3.6958493600364752
2.404491470963427
0.9639879258724764
0.8546682286097078
1.7729550647698777
2.0916880396228477
0.35953825290193775
4.517369288550563
3.91798697572756
1.0262319431236397
4.094073147368633
3.275083571085274
4.9497585556837125
4.827924252487598
4.995659368058884
0.30988238909489185
1.624846708742099
9.964540102891087
3.8603464613247676
6.0146737099893635
0.8982735427662876
3.5767556679099415
0.8351601556749126
1.2411798762582544
2.2245378338559627
2.0585979017839344
0.8968332908329284
4.588686010635874
2.105600765099331
