fobj = 5

x [DRAM,*,*] (tr)
:  HOVI NTNU READ SOLB STAB ULLE    :=
1    0    0    0    0    0    0
2    0    0    0    0    0    0
3    0    0    0    0    0    0
4    0    0    0    0    1    0
5    0    0    0    0    0    0
6    0    0    0    0    0    0
7    0    0    0    0    0    0
8    0    1    0    0    0    0
9    0    0    1    0    0    0
10   0    0    0    0    0    0
11   1    0    0    0    0    0
12   0    0    0    0    0    0
13   0    0    0    0    0    0
14   0    0    0    0    0    0
15   0    0    0    0    0    1
16   0    0    0    0    0    0
17   0    0    0    0    0    0
18   0    0    0    0    0    0
19   0    0    0    0    0    0
20   0    0    0    0    0    0
21   0    0    0    1    0    0
22   0    0    0    0    0    0

 [HOVI,*,*] (tr)
:  DRAM NTNU READ SOLB STAB ULLE    :=
1    1    0    0    0    0    0
2    0    0    0    0    0    0
3    0    0    0    0    0    0
4    0    0    0    0    0    0
5    0    0    0    0    0    0
6    0    0    0    0    0    0
7    0    0    0    0    0    1
8    0    1    0    0    0    0
9    0    0    0    0    0    0
10   0    0    0    0    0    0
11   0    0    0    0    0    0
12   0    0    0    0    0    0
13   0    0    0    0    0    0
14   0    0    0    0    0    0
15   0    0    0    1    0    0
16   0    0    0    0    0    0
17   0    0    0    0    0    0
18   0    0    0    0    1    0
19   0    0    0    0    0    0
20   0    0    0    0    0    0
21   0    0    1    0    0    0
22   0    0    0    0    0    0

 [NTNU,*,*] (tr)
:  DRAM HOVI READ SOLB STAB ULLE    :=
1    0    0    0    0    0    0
2    0    0    0    0    0    0
3    0    0    0    0    0    0
4    0    1    0    0    0    1
5    0    0    0    0    0    0
6    0    0    0    0    0    0
7    0    0    0    0    0    0
8    0    0    0    0    0    0
9    0    0    0    0    0    0
10   0    0    1    0    0    0
11   0    0    0    0    0    0
12   0    0    0    0    0    0
13   0    0    0    0    0    0
14   0    0    0    0    0    0
15   0    0    0    0    0    0
16   1    0    0    1    0    0
17   0    0    0    0    0    0
18   0    0    0    0    0    0
19   0    0    0    0    0    0
20   0    0    0    0    1    0
21   0    0    0    0    0    0
22   0    0    0    0    0    0

 [READ,*,*] (tr)
:  DRAM HOVI NTNU SOLB STAB ULLE    :=
1    0    0    0    1    0    0
2    0    0    0    0    0    1
3    0    0    0    0    0    0
4    0    0    0    0    0    0
5    0    0    0    0    0    0
6    0    0    0    0    0    0
7    0    0    0    0    0    0
8    0    0    0    0    0    0
9    0    0    0    0    0    0
10   0    0    0    0    0    0
11   0    0    0    0    1    0
12   0    0    0    0    0    0
13   1    0    0    0    0    0
14   0    0    0    0    0    0
15   0    0    0    0    0    0
16   0    0    0    0    0    0
17   0    0    0    0    0    0
18   0    0    0    0    0    0
19   0    1    0    0    0    0
20   0    0    0    0    0    0
21   0    0    0    0    0    0
22   0    0    1    0    0    0

 [SOLB,*,*] (tr)
:  DRAM HOVI NTNU READ STAB ULLE    :=
1    0    0    0    0    0    0
2    0    0    0    0    0    0
3    0    0    0    0    0    0
4    0    0    0    0    0    0
5    1    0    0    0    0    0
6    0    0    1    0    0    0
7    0    0    0    1    0    0
8    0    0    0    0    0    0
9    0    1    0    0    0    0
10   0    0    0    0    0    0
11   0    0    0    0    0    0
12   0    0    0    0    0    0
13   0    0    0    0    0    0
14   0    0    0    0    0    0
15   0    0    0    0    0    0
16   0    0    0    0    0    0
17   0    0    0    0    0    1
18   0    0    0    0    0    0
19   0    0    0    0    1    0
20   0    0    0    0    0    0
21   0    0    0    0    0    0
22   0    0    0    0    0    0

 [STAB,*,*] (tr)
:  DRAM HOVI NTNU READ SOLB ULLE    :=
1    0    0    0    0    0    0
2    1    0    0    0    0    0
3    0    0    0    0    1    0
4    0    0    0    0    0    0
5    0    1    0    0    0    0
6    0    0    0    0    0    0
7    0    0    0    0    0    0
8    0    0    0    0    0    1
9    0    0    0    0    0    0
10   0    0    0    0    0    0
11   0    0    0    0    0    0
12   0    0    0    0    0    0
13   0    0    0    0    0    0
14   0    0    0    0    0    0
15   0    0    0    0    0    0
16   0    0    0    0    0    0
17   0    0    0    1    0    0
18   0    0    0    0    0    0
19   0    0    0    0    0    0
20   0    0    0    0    0    0
21   0    0    0    0    0    0
22   0    0    1    0    0    0

 [ULLE,*,*] (tr)
:  DRAM HOVI NTNU READ SOLB STAB    :=
1    0    0    0    0    0    0
2    0    0    0    0    0    0
3    0    1    0    0    0    0
4    0    0    0    0    0    0
5    0    0    0    0    0    0
6    0    0    1    0    0    0
7    0    0    0    0    0    0
8    0    0    0    0    0    0
9    0    0    0    0    0    0
10   0    0    0    0    0    0
11   0    0    0    0    1    0
12   0    0    0    0    0    0
13   0    0    0    0    0    1
14   0    0    0    0    0    0
15   0    0    0    0    0    0
16   0    0    0    0    0    0
17   0    0    0    0    0    0
18   0    0    0    1    0    0
19   1    0    0    0    0    0
20   0    0    0    0    0    0
21   0    0    0    0    0    0
22   0    0    0    0    0    0
;

w [*] :=
 2  0
 4  1
 6  1
 8  1
10  0
12  0
14  0
16  1
18  0
20  0
22  1
;

